    nm         	nN
1.992192e+02	-1.215171e+02
1.984380e+02	-1.254370e+02
1.976567e+02	-1.254370e+02
1.968755e+02	-1.293569e+02
1.960942e+02	-1.293569e+02
1.953130e+02	-1.332768e+02
1.945317e+02	-1.332768e+02
1.937505e+02	-1.332768e+02
1.929692e+02	-1.293569e+02
1.921879e+02	-1.332768e+02
1.914067e+02	-1.332768e+02
1.906254e+02	-1.332768e+02
1.898442e+02	-1.332768e+02
1.890629e+02	-1.371967e+02
1.882817e+02	-1.371967e+02
1.875004e+02	-1.371967e+02
1.867191e+02	-1.371967e+02
1.859379e+02	-1.332768e+02
1.851566e+02	-1.332768e+02
1.843754e+02	-1.332768e+02
1.835941e+02	-1.332768e+02
1.828129e+02	-1.293569e+02
1.820316e+02	-1.332768e+02
1.812504e+02	-1.371967e+02
1.804691e+02	-1.371967e+02
1.796878e+02	-1.371967e+02
1.789066e+02	-1.371967e+02
1.781253e+02	-1.371967e+02
1.773441e+02	-1.411166e+02
1.765628e+02	-1.411166e+02
1.757816e+02	-1.371967e+02
1.750003e+02	-1.371967e+02
1.742191e+02	-1.371967e+02
1.734378e+02	-1.411166e+02
1.726565e+02	-1.450365e+02
1.718753e+02	-1.411166e+02
1.710940e+02	-1.411166e+02
1.703128e+02	-1.450365e+02
1.695315e+02	-1.450365e+02
1.687503e+02	-1.450365e+02
1.679690e+02	-1.450365e+02
1.671877e+02	-1.450365e+02
1.664065e+02	-1.411166e+02
1.656252e+02	-1.411166e+02
1.648440e+02	-1.450365e+02
1.640627e+02	-1.450365e+02
1.632815e+02	-1.450365e+02
1.625002e+02	-1.450365e+02
1.617190e+02	-1.489564e+02
1.609377e+02	-1.489564e+02
1.601564e+02	-1.489564e+02
1.593752e+02	-1.489564e+02
1.585939e+02	-1.489564e+02
1.578127e+02	-1.489564e+02
1.570314e+02	-1.489564e+02
1.562502e+02	-1.528763e+02
1.554689e+02	-1.489564e+02
1.546877e+02	-1.528763e+02
1.539064e+02	-1.528763e+02
1.531251e+02	-1.528763e+02
1.523439e+02	-1.528763e+02
1.515626e+02	-1.528763e+02
1.507814e+02	-1.528763e+02
1.500001e+02	-1.528763e+02
1.492189e+02	-1.567962e+02
1.484376e+02	-1.567962e+02
1.476564e+02	-1.567962e+02
1.468751e+02	-1.567962e+02
1.460938e+02	-1.567962e+02
1.453126e+02	-1.567962e+02
1.445313e+02	-1.567962e+02
1.437501e+02	-1.528763e+02
1.429688e+02	-1.528763e+02
1.421876e+02	-1.528763e+02
1.414063e+02	-1.567962e+02
1.406250e+02	-1.607162e+02
1.398438e+02	-1.646361e+02
1.390625e+02	-1.607162e+02
1.382813e+02	-1.607162e+02
1.375000e+02	-1.607162e+02
1.367188e+02	-1.607162e+02
1.359375e+02	-1.607162e+02
1.351563e+02	-1.646361e+02
1.343750e+02	-1.607162e+02
1.335937e+02	-1.607162e+02
1.328125e+02	-1.646361e+02
1.320312e+02	-1.646361e+02
1.312500e+02	-1.607162e+02
1.304687e+02	-1.646361e+02
1.296875e+02	-1.646361e+02
1.289062e+02	-1.607162e+02
1.281250e+02	-1.607162e+02
1.273437e+02	-1.646361e+02
1.265624e+02	-1.646361e+02
1.257812e+02	-1.646361e+02
1.249999e+02	-1.646361e+02
1.242187e+02	-1.646361e+02
1.234374e+02	-1.685560e+02
1.226562e+02	-1.685560e+02
1.218749e+02	-1.724759e+02
1.210936e+02	-1.724759e+02
1.203124e+02	-1.685560e+02
1.195311e+02	-1.685560e+02
1.187499e+02	-1.685560e+02
1.179686e+02	-1.685560e+02
1.171874e+02	-1.685560e+02
1.164061e+02	-1.724759e+02
1.156249e+02	-1.724759e+02
1.148436e+02	-1.724759e+02
1.140624e+02	-1.724759e+02
1.132811e+02	-1.763958e+02
1.124999e+02	-1.763958e+02
1.117186e+02	-1.763958e+02
1.109374e+02	-1.724759e+02
1.101562e+02	-1.724759e+02
1.093749e+02	-1.724759e+02
1.085937e+02	-1.763958e+02
1.078124e+02	-1.803157e+02
1.070312e+02	-1.763958e+02
1.062499e+02	-1.803157e+02
1.054687e+02	-1.803157e+02
1.046874e+02	-1.803157e+02
1.039062e+02	-1.763958e+02
1.031249e+02	-1.763958e+02
1.023437e+02	-1.803157e+02
1.015624e+02	-1.803157e+02
1.007812e+02	-1.763958e+02
9.999992e+01	-1.842356e+02
9.921867e+01	-1.842356e+02
9.843742e+01	-1.842356e+02
9.765617e+01	-1.842356e+02
9.687492e+01	-1.881555e+02
9.609367e+01	-1.803157e+02
9.531242e+01	-1.803157e+02
9.453117e+01	-1.842356e+02
9.374993e+01	-1.842356e+02
9.296868e+01	-1.842356e+02
9.218743e+01	-1.881555e+02
9.140618e+01	-1.881555e+02
9.062493e+01	-1.881555e+02
8.984368e+01	-1.881555e+02
8.906243e+01	-1.920754e+02
8.828118e+01	-1.881555e+02
8.749993e+01	-1.881555e+02
8.671869e+01	-1.881555e+02
8.593744e+01	-1.920754e+02
8.515619e+01	-1.881555e+02
8.437494e+01	-1.881555e+02
8.359369e+01	-1.920754e+02
8.281244e+01	-1.920754e+02
8.203119e+01	-1.920754e+02
8.124994e+01	-1.959953e+02
8.046869e+01	-1.959953e+02
7.968745e+01	-1.959953e+02
7.890620e+01	-1.920754e+02
7.812495e+01	-1.959953e+02
7.734370e+01	-1.959953e+02
7.656245e+01	-1.959953e+02
7.578120e+01	-1.959953e+02
7.499995e+01	-1.959953e+02
7.421870e+01	-1.999152e+02
7.343746e+01	-1.999152e+02
7.265621e+01	-1.999152e+02
7.187496e+01	-1.999152e+02
7.109371e+01	-1.959953e+02
7.031246e+01	-1.959953e+02
6.953121e+01	-1.999152e+02
6.874996e+01	-1.999152e+02
6.796871e+01	-1.999152e+02
6.718746e+01	-1.999152e+02
6.640622e+01	-1.999152e+02
6.562497e+01	-2.038351e+02
6.484372e+01	-2.038351e+02
6.406247e+01	-2.038351e+02
6.328122e+01	-1.999152e+02
6.249997e+01	-2.038351e+02
6.171872e+01	-2.038351e+02
6.093747e+01	-2.038351e+02
6.015622e+01	-2.038351e+02
5.937498e+01	-2.077550e+02
5.859373e+01	-2.038351e+02
5.781248e+01	-2.077550e+02
5.703123e+01	-2.077550e+02
5.624998e+01	-2.038351e+02
5.546873e+01	-2.077550e+02
5.468748e+01	-2.077550e+02
5.390623e+01	-2.038351e+02
5.312499e+01	-2.077550e+02
5.234374e+01	-2.077550e+02
5.156249e+01	-2.077550e+02
5.078124e+01	-2.077550e+02
4.999999e+01	-2.077550e+02
4.921874e+01	-2.077550e+02
4.843749e+01	-2.077550e+02
4.765624e+01	-2.116749e+02
4.687499e+01	-2.116749e+02
4.609375e+01	-2.116749e+02
4.531250e+01	-2.116749e+02
4.453125e+01	-2.077550e+02
4.375000e+01	-2.116749e+02
4.296875e+01	-2.116749e+02
4.218750e+01	-2.155948e+02
4.140625e+01	-2.155948e+02
4.062500e+01	-2.116749e+02
3.984375e+01	-2.116749e+02
3.906251e+01	-2.116749e+02
3.828126e+01	-2.116749e+02
3.750001e+01	-2.116749e+02
3.671876e+01	-2.116749e+02
3.593751e+01	-2.116749e+02
3.515626e+01	-2.155948e+02
3.437501e+01	-2.116749e+02
3.359376e+01	-2.155948e+02
3.281252e+01	-2.155948e+02
3.203127e+01	-2.155948e+02
3.125002e+01	-2.155948e+02
3.046877e+01	-2.155948e+02
2.968752e+01	-2.155948e+02
2.890627e+01	-2.155948e+02
2.812502e+01	-2.155948e+02
2.734377e+01	-2.155948e+02
2.656252e+01	-2.195147e+02
2.578127e+01	-2.195147e+02
2.500001e+01	-2.234347e+02
2.421876e+01	-2.234347e+02
2.343751e+01	-2.234347e+02
2.265626e+01	-2.234347e+02
2.187501e+01	-2.234347e+02
2.109376e+01	-2.195147e+02
2.031251e+01	-2.195147e+02
1.953126e+01	-2.195147e+02
1.875001e+01	-2.195147e+02
1.796876e+01	-2.234347e+02
1.718751e+01	-2.234347e+02
1.640626e+01	-2.234347e+02
1.562501e+01	-2.234347e+02
1.484376e+01	-2.234347e+02
1.406251e+01	-2.195147e+02
1.328126e+01	-2.234347e+02
1.250001e+01	-2.195147e+02
1.171876e+01	-2.234347e+02
1.093751e+01	-2.234347e+02
1.015626e+01	-2.234347e+02
9.375009e+00	-2.234347e+02
8.593759e+00	-2.234347e+02
7.812510e+00	-2.234347e+02
7.031260e+00	-2.234347e+02
6.250010e+00	-2.234347e+02
5.468761e+00	-2.234347e+02
4.687511e+00	-2.234347e+02
3.906261e+00	-2.234347e+02
3.125011e+00	-2.234347e+02
2.343761e+00	-2.273546e+02
1.562511e+00	-2.273546e+02
7.812613e-01	-2.273546e+02
1.132427e-05	-2.273546e+02
