    nm         	uN
9.960909e+02	8.867099e+00
9.921846e+02	8.859258e+00
9.882783e+02	8.859258e+00
9.843720e+02	8.843578e+00
9.804658e+02	8.835738e+00
9.765595e+02	8.827898e+00
9.726532e+02	8.816138e+00
9.687469e+02	8.812218e+00
9.648406e+02	8.808298e+00
9.609344e+02	8.792617e+00
9.570281e+02	8.784777e+00
9.531219e+02	8.776938e+00
9.492156e+02	8.769098e+00
9.453094e+02	8.765178e+00
9.414032e+02	8.753417e+00
9.374970e+02	8.741657e+00
9.335907e+02	8.737738e+00
9.296845e+02	8.718137e+00
9.257783e+02	8.710297e+00
9.218721e+02	8.706377e+00
9.179658e+02	8.698536e+00
9.140596e+02	8.675018e+00
9.101534e+02	8.682857e+00
9.062472e+02	8.667176e+00
9.023410e+02	8.655417e+00
8.984347e+02	8.651497e+00
8.945285e+02	8.643658e+00
8.906223e+02	8.631897e+00
8.867161e+02	8.616217e+00
8.828098e+02	8.616217e+00
8.789036e+02	8.608376e+00
8.749974e+02	8.596617e+00
8.710912e+02	8.592697e+00
8.671850e+02	8.577017e+00
8.632787e+02	8.573096e+00
8.593725e+02	8.557417e+00
8.554663e+02	8.549577e+00
8.515601e+02	8.541736e+00
8.476538e+02	8.537816e+00
8.437476e+02	8.526056e+00
8.398414e+02	8.522136e+00
8.359352e+02	8.514296e+00
8.320289e+02	8.498616e+00
8.281227e+02	8.498616e+00
8.242165e+02	8.486856e+00
8.203103e+02	8.479015e+00
8.164041e+02	8.467256e+00
8.124978e+02	8.463336e+00
8.085916e+02	8.447655e+00
8.046854e+02	8.447655e+00
8.007792e+02	8.431975e+00
7.968729e+02	8.428055e+00
7.929667e+02	8.416295e+00
7.890605e+02	8.404535e+00
7.851543e+02	8.400615e+00
7.812480e+02	8.388855e+00
7.773418e+02	8.377095e+00
7.734356e+02	8.369255e+00
7.695294e+02	8.365335e+00
7.656232e+02	8.353574e+00
7.617169e+02	8.345734e+00
7.578107e+02	8.341814e+00
7.539045e+02	8.326135e+00
7.499983e+02	8.314374e+00
7.460920e+02	8.318294e+00
7.421858e+02	8.306535e+00
7.382796e+02	8.294774e+00
7.343734e+02	8.294774e+00
7.304671e+02	8.283015e+00
7.265609e+02	8.279095e+00
7.226547e+02	8.263415e+00
7.187485e+02	8.263415e+00
7.148423e+02	8.247735e+00
7.109360e+02	8.243815e+00
7.070298e+02	8.239895e+00
7.031236e+02	8.224214e+00
6.992174e+02	8.228134e+00
6.953111e+02	8.208534e+00
6.914049e+02	8.204614e+00
6.874987e+02	8.200695e+00
6.835925e+02	8.188934e+00
6.796863e+02	8.181094e+00
6.757800e+02	8.177174e+00
6.718738e+02	8.161493e+00
6.679676e+02	8.157574e+00
6.640614e+02	8.145814e+00
6.601551e+02	8.141894e+00
6.562489e+02	8.134053e+00
6.523427e+02	8.126213e+00
6.484365e+02	8.118373e+00
6.445302e+02	8.110534e+00
6.406240e+02	8.102693e+00
6.367178e+02	8.098773e+00
6.328116e+02	8.087013e+00
6.289054e+02	8.071333e+00
6.249991e+02	8.067413e+00
6.210929e+02	8.063493e+00
6.171867e+02	8.055653e+00
6.132805e+02	8.043892e+00
6.093742e+02	8.036052e+00
6.054680e+02	8.032132e+00
6.015618e+02	8.020373e+00
5.976556e+02	8.016453e+00
5.937493e+02	8.012533e+00
5.898431e+02	7.992932e+00
5.859369e+02	7.989012e+00
5.820307e+02	7.981173e+00
5.781245e+02	7.977253e+00
5.742182e+02	7.977253e+00
5.703120e+02	7.965492e+00
5.664058e+02	7.949812e+00
5.624996e+02	7.945892e+00
5.585933e+02	7.945892e+00
5.546871e+02	7.938052e+00
5.507809e+02	7.926293e+00
5.468747e+02	7.918452e+00
5.429685e+02	7.914532e+00
5.390622e+02	7.906692e+00
5.351560e+02	7.898852e+00
5.312498e+02	7.891012e+00
5.273436e+02	7.879252e+00
5.234373e+02	7.867492e+00
5.195311e+02	7.863572e+00
5.156249e+02	7.847892e+00
5.117187e+02	7.855731e+00
5.078124e+02	7.840052e+00
5.039062e+02	7.828291e+00
5.000000e+02	7.824371e+00
4.960938e+02	7.820451e+00
4.921876e+02	7.808691e+00
4.882813e+02	7.796931e+00
4.843751e+02	7.796931e+00
4.804689e+02	7.785171e+00
4.765626e+02	7.781251e+00
4.726564e+02	7.773411e+00
4.687501e+02	7.761651e+00
4.648439e+02	7.757732e+00
4.609376e+02	7.753811e+00
4.570314e+02	7.742051e+00
4.531251e+02	7.734211e+00
4.492189e+02	7.726371e+00
4.453126e+02	7.714611e+00
4.414064e+02	7.710691e+00
4.375001e+02	7.698931e+00
4.335939e+02	7.698931e+00
4.296876e+02	7.683250e+00
4.257814e+02	7.675410e+00
4.218751e+02	7.667571e+00
4.179689e+02	7.659730e+00
4.140626e+02	7.651890e+00
4.101564e+02	7.640130e+00
4.062501e+02	7.636210e+00
4.023439e+02	7.632290e+00
3.984376e+02	7.620530e+00
3.945314e+02	7.608770e+00
3.906251e+02	7.597010e+00
3.867189e+02	7.593090e+00
3.828126e+02	7.581330e+00
3.789063e+02	7.581330e+00
3.750001e+02	7.573490e+00
3.710938e+02	7.565649e+00
3.671876e+02	7.553890e+00
3.632813e+02	7.549970e+00
3.593751e+02	7.542129e+00
3.554688e+02	7.526449e+00
3.515626e+02	7.526449e+00
3.476563e+02	7.510770e+00
3.437501e+02	7.502929e+00
3.398438e+02	7.499009e+00
3.359376e+02	7.495089e+00
3.320313e+02	7.479409e+00
3.281251e+02	7.475489e+00
3.242188e+02	7.463729e+00
3.203126e+02	7.451969e+00
3.164063e+02	7.448049e+00
3.125001e+02	7.440209e+00
3.085938e+02	7.436289e+00
3.046876e+02	7.420609e+00
3.007813e+02	7.412769e+00
2.968751e+02	7.401009e+00
2.929688e+02	7.397089e+00
2.890626e+02	7.389248e+00
2.851563e+02	7.377488e+00
2.812501e+02	7.373568e+00
2.773438e+02	7.369648e+00
2.734376e+02	7.350048e+00
2.695313e+02	7.346128e+00
2.656251e+02	7.334369e+00
2.617188e+02	7.326528e+00
2.578126e+02	7.314768e+00
2.539063e+02	7.314768e+00
2.500001e+02	7.306928e+00
2.460938e+02	7.291248e+00
2.421876e+02	7.287328e+00
2.382813e+02	7.275568e+00
2.343751e+02	7.271648e+00
2.304688e+02	7.259888e+00
2.265625e+02	7.248128e+00
2.226563e+02	7.240288e+00
2.187500e+02	7.228527e+00
2.148438e+02	7.224608e+00
2.109375e+02	7.212847e+00
2.070313e+02	7.208927e+00
2.031250e+02	7.201087e+00
1.992188e+02	7.197167e+00
1.953125e+02	7.181487e+00
1.914063e+02	7.181487e+00
1.875000e+02	7.177567e+00
1.835938e+02	7.161887e+00
1.796875e+02	7.150127e+00
1.757813e+02	7.138367e+00
1.718750e+02	7.138367e+00
1.679688e+02	7.118767e+00
1.640625e+02	7.110927e+00
1.601563e+02	7.107007e+00
1.562500e+02	7.095246e+00
1.523438e+02	7.087407e+00
1.484375e+02	7.087407e+00
1.445313e+02	7.075646e+00
1.406250e+02	7.063886e+00
1.367188e+02	7.052126e+00
1.328125e+02	7.044286e+00
1.289063e+02	7.036446e+00
1.250000e+02	7.032526e+00
1.210938e+02	7.016846e+00
1.171875e+02	7.012926e+00
1.132813e+02	7.001166e+00
1.093750e+02	7.001166e+00
1.054688e+02	6.985486e+00
1.015625e+02	6.973726e+00
9.765625e+01	6.973726e+00
9.375000e+01	6.958046e+00
8.984375e+01	6.954126e+00
8.593750e+01	6.942366e+00
8.203125e+01	6.934526e+00
7.812500e+01	6.922766e+00
7.421875e+01	6.914926e+00
7.031250e+01	6.899245e+00
6.640624e+01	6.895325e+00
6.249999e+01	6.883565e+00
5.859374e+01	6.871805e+00
5.468749e+01	6.867885e+00
5.078124e+01	6.856125e+00
4.687499e+01	6.852205e+00
4.296874e+01	6.836525e+00
3.906248e+01	6.828685e+00
3.515623e+01	6.816925e+00
3.124998e+01	6.805165e+00
2.734373e+01	6.805165e+00
2.343748e+01	6.785565e+00
1.953123e+01	6.777725e+00
1.562498e+01	6.773805e+00
1.171873e+01	6.758125e+00
7.812485e+00	6.750284e+00
3.906235e+00	6.742444e+00
-1.509903e-05	6.730684e+00
