    um         	uN
1.235915e+01	1.410080e+00
1.231068e+01	1.415610e+00
1.226221e+01	1.457083e+00
1.221374e+01	1.448788e+00
1.216528e+01	1.432199e+00
1.211681e+01	1.393491e+00
1.206834e+01	1.349253e+00
1.201988e+01	1.291191e+00
1.197141e+01	1.235894e+00
1.192294e+01	1.169537e+00
1.187448e+01	1.108710e+00
1.182601e+01	1.047883e+00
1.177754e+01	9.953508e-01
1.172907e+01	9.428184e-01
1.168061e+01	8.902859e-01
1.163214e+01	8.405184e-01
1.158367e+01	7.907508e-01
1.153521e+01	7.382185e-01
1.148674e+01	6.856861e-01
1.143827e+01	6.276239e-01
1.138981e+01	5.806212e-01
1.134134e+01	5.308538e-01
1.129287e+01	4.893808e-01
1.124440e+01	4.838511e-01
1.119594e+01	4.727916e-01
1.114747e+01	4.644970e-01
1.109900e+01	4.479078e-01
1.105054e+01	4.368484e-01
1.100207e+01	4.230241e-01
1.095360e+01	4.147295e-01
1.090514e+01	3.981403e-01
1.085667e+01	3.732565e-01
1.080820e+01	3.428430e-01
1.075974e+01	3.207241e-01
1.071127e+01	3.179593e-01
1.066280e+01	3.290187e-01
1.061433e+01	3.428430e-01
1.056587e+01	3.649619e-01
1.051740e+01	3.539025e-01
1.046893e+01	3.539025e-01
1.042047e+01	4.257889e-01
1.037200e+01	4.009052e-01
1.032353e+01	3.760214e-01
1.027507e+01	3.566674e-01
1.022660e+01	3.428430e-01
1.017813e+01	3.290187e-01
1.012966e+01	3.428430e-01
1.008120e+01	3.953754e-01
1.003273e+01	3.843160e-01
9.984264e+00	4.147295e-01
9.935797e+00	4.313187e-01
9.887330e+00	4.230241e-01
9.838863e+00	4.119646e-01
9.790396e+00	4.036700e-01
9.741929e+00	3.926106e-01
9.693462e+00	3.787863e-01
9.644995e+00	3.704917e-01
9.596528e+00	3.870808e-01
9.548061e+00	3.870808e-01
9.499594e+00	3.787863e-01
9.451127e+00	3.649619e-01
9.402660e+00	4.009052e-01
9.354193e+00	3.843160e-01
9.305726e+00	3.677268e-01
9.257259e+00	3.649619e-01
9.208792e+00	3.843160e-01
9.160325e+00	3.649619e-01
9.111858e+00	3.483728e-01
9.063391e+00	3.428430e-01
9.014924e+00	3.151944e-01
8.966457e+00	2.986052e-01
8.917990e+00	3.151944e-01
8.869523e+00	3.041349e-01
8.821056e+00	2.820160e-01
8.772589e+00	3.179593e-01
8.724122e+00	3.207241e-01
8.675655e+00	3.151944e-01
8.627188e+00	3.207241e-01
8.578721e+00	3.013701e-01
8.530254e+00	2.875458e-01
8.481788e+00	2.681917e-01
8.433321e+00	3.179593e-01
8.384854e+00	3.096647e-01
8.336387e+00	3.096647e-01
8.287920e+00	3.179593e-01
8.239453e+00	3.179593e-01
8.190986e+00	3.013701e-01
8.142519e+00	2.847809e-01
8.094052e+00	2.626620e-01
8.045585e+00	2.488377e-01
7.997118e+00	2.598971e-01
7.948651e+00	2.764863e-01
7.900184e+00	2.709566e-01
7.851717e+00	2.516026e-01
7.803250e+00	2.350134e-01
7.754783e+00	2.654269e-01
7.706316e+00	2.460728e-01
7.657849e+00	2.377782e-01
7.609382e+00	2.267188e-01
7.560914e+00	2.322485e-01
7.512447e+00	2.405431e-01
7.463979e+00	2.184242e-01
7.415512e+00	1.990701e-01
7.367044e+00	2.156593e-01
7.318577e+00	2.184242e-01
7.270110e+00	1.963053e-01
7.221642e+00	1.741864e-01
7.173175e+00	1.741864e-01
7.124707e+00	1.852458e-01
7.076240e+00	1.907756e-01
7.027772e+00	2.239539e-01
6.979305e+00	1.990701e-01
6.930838e+00	1.824810e-01
6.882370e+00	1.575972e-01
6.833903e+00	1.658918e-01
6.785435e+00	1.714215e-01
6.736968e+00	1.575972e-01
6.688500e+00	1.299486e-01
6.640033e+00	1.188891e-01
6.591566e+00	1.714215e-01
6.543098e+00	1.493026e-01
6.494631e+00	1.244188e-01
6.446163e+00	1.022999e-01
6.397696e+00	8.571076e-02
6.349228e+00	6.082699e-02
6.300761e+00	5.529726e-02
6.252294e+00	6.359186e-02
6.203826e+00	9.953507e-02
6.155359e+00	1.382432e-01
6.106891e+00	1.271837e-01
6.058424e+00	1.133594e-01
6.009956e+00	8.847562e-02
5.961489e+00	1.299486e-01
5.913022e+00	1.133594e-01
5.864554e+00	9.953507e-02
5.816087e+00	8.018103e-02
5.767619e+00	6.359186e-02
5.719152e+00	5.253240e-02
5.670684e+00	3.041350e-02
5.622217e+00	1.105945e-02
5.573750e+00	-1.382389e-02
5.525282e+00	1.935404e-02
5.476815e+00	1.382432e-02
5.428347e+00	8.294590e-03
5.379880e+00	1.658918e-02
5.331412e+00	3.317836e-02
5.282945e+00	4.147295e-02
5.234478e+00	6.912158e-02
5.186010e+00	6.359186e-02
5.137543e+00	3.870808e-02
5.089075e+00	1.382432e-02
5.040608e+00	-5.529558e-03
4.992140e+00	-1.658867e-02
4.943673e+00	-2.764779e-02
4.895206e+00	5.529726e-03
4.846738e+00	2.488377e-02
4.798271e+00	0.000000e+00
4.749803e+00	-8.294337e-03
4.701336e+00	-1.658867e-02
4.652868e+00	-4.423646e-02
4.604401e+00	-6.635469e-02
4.555934e+00	-8.847292e-02
4.507466e+00	-1.161207e-01
4.458999e+00	-6.911947e-02
4.410531e+00	-6.911947e-02
4.362064e+00	-7.464903e-02
4.313596e+00	-2.488301e-02
4.265129e+00	-4.423646e-02
4.216662e+00	-6.911947e-02
4.168194e+00	-9.400248e-02
4.119727e+00	-1.216503e-01
4.071259e+00	-1.465333e-01
4.022792e+00	-1.714163e-01
3.974324e+00	-1.962993e-01
3.925857e+00	-1.354742e-01
3.877390e+00	2.488377e-02
3.828922e+00	1.105945e-02
3.780455e+00	-8.294337e-03
3.731987e+00	-1.935345e-02
3.683520e+00	-1.382389e-02
3.635053e+00	-1.658867e-02
3.586585e+00	-1.935345e-02
3.538118e+00	-2.488301e-02
3.489650e+00	-2.488301e-02
3.441183e+00	-3.041257e-02
3.392715e+00	-3.041257e-02
3.344248e+00	-3.594213e-02
3.295781e+00	-3.870690e-02
3.247313e+00	-3.870690e-02
3.198846e+00	-4.147168e-02
3.150378e+00	-4.700124e-02
3.101911e+00	-4.976602e-02
3.053443e+00	-5.253080e-02
3.004976e+00	-5.806035e-02
2.956509e+00	-5.806035e-02
2.908041e+00	-6.082514e-02
2.859574e+00	-6.358992e-02
2.811106e+00	-6.635469e-02
2.762639e+00	-7.188425e-02
2.714171e+00	-7.464903e-02
2.665704e+00	-7.741381e-02
2.617237e+00	-8.017859e-02
2.568769e+00	-8.294337e-02
2.520302e+00	-8.570814e-02
2.471834e+00	-8.847292e-02
2.423367e+00	-9.676726e-02
2.374899e+00	-9.676726e-02
2.326432e+00	-9.953204e-02
2.277965e+00	-1.050616e-01
2.229497e+00	-1.078264e-01
2.181030e+00	-1.133559e-01
2.132562e+00	-1.161207e-01
2.084095e+00	-1.216503e-01
2.035627e+00	-1.216503e-01
1.987160e+00	-1.271798e-01
1.938693e+00	-1.299446e-01
1.890225e+00	-1.327094e-01
1.841758e+00	-1.354742e-01
1.793291e+00	-1.382389e-01
1.744823e+00	-1.437685e-01
1.696356e+00	-1.492981e-01
1.647889e+00	-1.520628e-01
1.599421e+00	-1.548276e-01
1.550954e+00	-1.575924e-01
1.502487e+00	-1.603572e-01
1.454019e+00	-1.631220e-01
1.405552e+00	-1.658867e-01
1.357085e+00	-1.686515e-01
1.308617e+00	-1.741811e-01
1.260150e+00	-1.797106e-01
1.211683e+00	-1.824754e-01
1.163216e+00	-1.852402e-01
1.114748e+00	-1.880050e-01
1.066281e+00	-1.935345e-01
1.017814e+00	-1.962993e-01
9.693463e-01	-1.990641e-01
9.208790e-01	-2.018289e-01
8.724116e-01	-2.073584e-01
8.239443e-01	-2.101232e-01
7.754770e-01	-2.128880e-01
7.270097e-01	-2.156527e-01
6.785424e-01	-2.211823e-01
6.300751e-01	-2.239471e-01
5.816078e-01	-2.294766e-01
5.331405e-01	-2.322414e-01
4.846731e-01	-2.350062e-01
4.362058e-01	-2.405358e-01
3.877385e-01	-2.433005e-01
3.392712e-01	-2.460653e-01
2.908039e-01	-2.488301e-01
2.423366e-01	-2.571244e-01
1.938692e-01	-2.598892e-01
1.454019e-01	-2.626540e-01
9.693458e-02	-2.654188e-01
4.846726e-02	-2.709483e-01
-7.105427e-08	-2.709483e-01
