    um         	uN
4.482418e+00	3.450549e+00
4.464840e+00	3.456079e+00
4.447262e+00	3.475433e+00
4.429683e+00	3.478198e+00
4.412105e+00	3.478198e+00
4.394527e+00	3.480963e+00
4.376949e+00	3.472668e+00
4.359370e+00	3.475433e+00
4.341792e+00	3.478198e+00
4.324214e+00	3.464374e+00
4.306636e+00	3.469903e+00
4.289057e+00	3.467139e+00
4.271479e+00	3.461609e+00
4.253901e+00	3.458844e+00
4.236323e+00	3.458844e+00
4.218744e+00	3.442255e+00
4.201166e+00	3.445020e+00
4.183588e+00	3.445020e+00
4.166010e+00	3.436725e+00
4.148431e+00	3.433960e+00
4.130853e+00	3.428430e+00
4.113275e+00	3.422901e+00
4.095697e+00	3.414606e+00
4.078118e+00	3.411841e+00
4.060540e+00	3.406311e+00
4.042962e+00	3.395252e+00
4.025384e+00	3.389722e+00
4.007805e+00	3.378663e+00
3.990227e+00	3.373133e+00
3.972649e+00	3.359309e+00
3.955070e+00	3.351014e+00
3.937492e+00	3.337190e+00
3.919914e+00	3.323365e+00
3.902336e+00	3.309541e+00
3.884757e+00	3.298482e+00
3.867179e+00	3.279128e+00
3.849601e+00	3.257009e+00
3.832023e+00	3.237655e+00
3.814445e+00	3.215536e+00
3.796867e+00	3.196182e+00
3.779289e+00	3.174063e+00
3.761711e+00	3.154709e+00
3.744133e+00	3.135355e+00
3.726554e+00	3.113236e+00
3.708976e+00	3.093882e+00
3.691398e+00	3.074528e+00
3.673820e+00	3.044114e+00
3.656242e+00	3.021995e+00
3.638664e+00	3.005406e+00
3.621086e+00	2.977758e+00
3.603508e+00	2.952874e+00
3.585930e+00	2.936285e+00
3.568352e+00	2.914166e+00
3.550774e+00	2.883752e+00
3.533196e+00	2.861633e+00
3.515618e+00	2.831220e+00
3.498040e+00	2.800806e+00
3.480462e+00	2.781452e+00
3.462884e+00	2.751039e+00
3.445306e+00	2.723390e+00
3.427728e+00	2.695742e+00
3.410150e+00	2.668093e+00
3.392572e+00	2.648739e+00
3.374994e+00	2.621090e+00
3.357416e+00	2.590677e+00
3.339838e+00	2.571323e+00
3.322260e+00	2.551969e+00
3.304682e+00	2.518790e+00
3.287104e+00	2.488377e+00
3.269526e+00	2.474553e+00
3.251948e+00	2.449669e+00
3.234370e+00	2.430315e+00
3.216792e+00	2.410961e+00
3.199214e+00	2.386077e+00
3.181636e+00	2.361193e+00
3.164057e+00	2.333544e+00
3.146479e+00	2.308661e+00
3.128901e+00	2.272717e+00
3.111323e+00	2.247834e+00
3.093745e+00	2.222950e+00
3.076167e+00	2.198066e+00
3.058589e+00	2.173183e+00
3.041011e+00	2.151064e+00
3.023433e+00	2.120650e+00
3.005855e+00	2.090237e+00
2.988277e+00	2.070882e+00
2.970699e+00	2.048763e+00
2.953121e+00	2.023880e+00
2.935543e+00	1.996231e+00
2.917965e+00	1.968583e+00
2.900387e+00	1.943699e+00
2.882809e+00	1.916050e+00
2.865231e+00	1.882872e+00
2.847653e+00	1.849693e+00
2.830075e+00	1.822045e+00
2.812497e+00	1.797161e+00
2.794919e+00	1.777807e+00
2.777341e+00	1.761218e+00
2.759763e+00	1.741864e+00
2.742185e+00	1.716980e+00
2.724607e+00	1.697626e+00
2.707029e+00	1.678272e+00
2.689451e+00	1.656153e+00
2.671873e+00	1.639564e+00
2.654295e+00	1.617445e+00
2.636717e+00	1.592561e+00
2.619139e+00	1.573207e+00
2.601560e+00	1.540029e+00
2.583982e+00	1.515145e+00
2.566404e+00	1.490261e+00
2.548826e+00	1.470907e+00
2.531248e+00	1.454318e+00
2.513670e+00	1.434964e+00
2.496092e+00	1.418375e+00
2.478514e+00	1.393491e+00
2.460936e+00	1.368607e+00
2.443358e+00	1.343724e+00
2.425780e+00	1.324369e+00
2.408202e+00	1.305015e+00
2.390624e+00	1.280132e+00
2.373046e+00	1.258013e+00
2.355468e+00	1.235894e+00
2.337890e+00	1.216540e+00
2.320312e+00	1.188891e+00
2.302734e+00	1.158478e+00
2.285156e+00	1.133594e+00
2.267578e+00	1.105945e+00
2.250000e+00	1.089356e+00
2.232422e+00	1.058943e+00
2.214844e+00	1.036824e+00
2.197266e+00	1.011940e+00
2.179688e+00	9.842913e-01
2.162110e+00	9.621724e-01
2.144532e+00	9.372886e-01
2.126954e+00	8.985805e-01
2.109376e+00	8.764616e-01
2.091798e+00	8.626373e-01
2.074220e+00	8.432833e-01
2.056642e+00	8.211643e-01
2.039063e+00	7.990454e-01
2.021485e+00	7.824563e-01
2.003907e+00	7.631023e-01
1.986329e+00	7.409834e-01
1.968751e+00	7.216293e-01
1.951173e+00	7.050401e-01
1.933595e+00	6.884509e-01
1.916017e+00	6.773915e-01
1.898439e+00	6.608023e-01
1.880861e+00	6.469780e-01
1.863283e+00	6.303888e-01
1.845705e+00	6.137996e-01
1.828127e+00	5.999753e-01
1.810548e+00	5.861510e-01
1.792970e+00	5.999753e-01
1.775392e+00	6.552726e-01
1.757814e+00	6.469780e-01
1.740236e+00	6.442131e-01
1.722658e+00	6.580374e-01
1.705080e+00	6.469780e-01
1.687501e+00	6.359185e-01
1.669923e+00	6.359185e-01
1.652345e+00	6.303888e-01
1.634767e+00	6.220942e-01
1.617189e+00	6.137996e-01
1.599611e+00	6.110347e-01
1.582032e+00	6.027402e-01
1.564454e+00	5.944456e-01
1.546876e+00	5.916807e-01
1.529298e+00	5.806212e-01
1.511720e+00	5.695618e-01
1.494142e+00	5.557375e-01
1.476564e+00	5.474429e-01
1.458985e+00	5.391483e-01
1.441407e+00	5.280889e-01
1.423829e+00	5.142646e-01
1.406251e+00	5.032051e-01
1.388673e+00	4.949105e-01
1.371095e+00	4.755565e-01
1.353517e+00	4.672619e-01
1.335938e+00	4.562024e-01
1.318360e+00	4.506727e-01
1.300782e+00	4.727916e-01
1.283204e+00	4.893808e-01
1.265626e+00	4.866159e-01
1.248048e+00	4.838511e-01
1.230470e+00	4.783213e-01
1.212891e+00	4.700267e-01
1.195313e+00	4.617322e-01
1.177735e+00	4.644970e-01
1.160157e+00	4.866159e-01
1.142579e+00	4.838511e-01
1.125001e+00	4.783213e-01
1.107423e+00	4.700267e-01
1.089844e+00	4.617322e-01
1.072266e+00	4.672619e-01
1.054688e+00	4.700267e-01
1.037110e+00	4.644970e-01
1.019532e+00	4.644970e-01
1.001954e+00	4.589673e-01
9.843756e-01	4.534376e-01
9.667974e-01	4.479078e-01
9.492193e-01	4.451430e-01
9.316411e-01	4.340835e-01
9.140630e-01	4.949105e-01
8.964848e-01	4.810862e-01
8.789067e-01	4.672619e-01
8.613285e-01	4.506727e-01
8.437504e-01	4.479078e-01
8.261723e-01	4.423781e-01
8.085941e-01	4.423781e-01
7.910160e-01	4.479078e-01
7.734378e-01	4.589673e-01
7.558597e-01	4.838511e-01
7.382815e-01	5.032051e-01
7.207034e-01	5.004403e-01
7.031252e-01	5.004403e-01
6.855471e-01	4.976754e-01
6.679689e-01	4.976754e-01
6.503908e-01	4.949105e-01
6.328127e-01	4.838511e-01
6.152345e-01	4.727916e-01
5.976564e-01	4.617322e-01
5.800782e-01	4.589673e-01
5.625001e-01	4.949105e-01
5.449219e-01	4.534376e-01
5.273438e-01	4.423781e-01
5.097656e-01	4.368484e-01
4.921875e-01	4.340835e-01
4.746094e-01	4.285538e-01
4.570313e-01	4.257889e-01
4.394531e-01	4.257889e-01
4.218750e-01	4.534376e-01
4.042969e-01	4.479078e-01
3.867188e-01	4.396132e-01
3.691407e-01	4.340835e-01
3.515626e-01	4.285538e-01
3.339844e-01	4.230241e-01
3.164063e-01	4.230241e-01
2.988282e-01	4.119646e-01
2.812501e-01	4.064349e-01
2.636720e-01	4.091997e-01
2.460939e-01	4.313187e-01
2.285157e-01	4.479078e-01
2.109376e-01	4.451430e-01
1.933595e-01	4.285538e-01
1.757814e-01	4.174943e-01
1.582033e-01	4.119646e-01
1.406252e-01	4.064349e-01
1.230470e-01	4.036700e-01
1.054689e-01	3.953754e-01
8.789080e-02	3.898457e-01
7.031267e-02	3.815511e-01
5.273455e-02	3.732565e-01
3.515643e-02	3.511376e-01
1.757830e-02	3.649619e-01
1.776357e-07	3.760214e-01
