    nm         	uN
4.980454e+02	6.137996e+00
4.960923e+02	6.135231e+00
4.941392e+02	6.137996e+00
4.921860e+02	6.135231e+00
4.902329e+02	6.140761e+00
4.882797e+02	6.137996e+00
4.863266e+02	6.132466e+00
4.843735e+02	6.132466e+00
4.824203e+02	6.140761e+00
4.804672e+02	6.135231e+00
4.785140e+02	6.132466e+00
4.765609e+02	6.132466e+00
4.746078e+02	6.126937e+00
4.726547e+02	6.126937e+00
4.707016e+02	6.126937e+00
4.687485e+02	6.126937e+00
4.667954e+02	6.126937e+00
4.648423e+02	6.121407e+00
4.628891e+02	6.124172e+00
4.609360e+02	6.126937e+00
4.589829e+02	6.124172e+00
4.570298e+02	6.118642e+00
4.550767e+02	6.115877e+00
4.531236e+02	6.118642e+00
4.511705e+02	6.110347e+00
4.492174e+02	6.115877e+00
4.472643e+02	6.110347e+00
4.453111e+02	6.104818e+00
4.433580e+02	6.104818e+00
4.414049e+02	6.107583e+00
4.394518e+02	6.102053e+00
4.374987e+02	6.102053e+00
4.355456e+02	6.099288e+00
4.335925e+02	6.096524e+00
4.316394e+02	6.096524e+00
4.296863e+02	6.096524e+00
4.277331e+02	6.096524e+00
4.257800e+02	6.093759e+00
4.238269e+02	6.090993e+00
4.218738e+02	6.088228e+00
4.199207e+02	6.082699e+00
4.179676e+02	6.085464e+00
4.160145e+02	6.085464e+00
4.140614e+02	6.079934e+00
4.121082e+02	6.079934e+00
4.101551e+02	6.079934e+00
4.082020e+02	6.077169e+00
4.062489e+02	6.077169e+00
4.042958e+02	6.068874e+00
4.023427e+02	6.066110e+00
4.003896e+02	6.071639e+00
3.984365e+02	6.066110e+00
3.964834e+02	6.063345e+00
3.945302e+02	6.063345e+00
3.925771e+02	6.066110e+00
3.906240e+02	6.060580e+00
3.886709e+02	6.063345e+00
3.867178e+02	6.055051e+00
3.847647e+02	6.055051e+00
3.828116e+02	6.052286e+00
3.808585e+02	6.049521e+00
3.789054e+02	6.052286e+00
3.769522e+02	6.052286e+00
3.749991e+02	6.052286e+00
3.730460e+02	6.046756e+00
3.710929e+02	6.043991e+00
3.691398e+02	6.041226e+00
3.671867e+02	6.041226e+00
3.652336e+02	6.041226e+00
3.632805e+02	6.032932e+00
3.613274e+02	6.035697e+00
3.593742e+02	6.032932e+00
3.574211e+02	6.030167e+00
3.554680e+02	6.030167e+00
3.535149e+02	6.027401e+00
3.515618e+02	6.019107e+00
3.496087e+02	6.021872e+00
3.476556e+02	6.021872e+00
3.457025e+02	6.016342e+00
3.437493e+02	6.016342e+00
3.417962e+02	6.008048e+00
3.398431e+02	6.010813e+00
3.378900e+02	6.010813e+00
3.359369e+02	6.005283e+00
3.339838e+02	6.002518e+00
3.320307e+02	6.002518e+00
3.300776e+02	5.994224e+00
3.281245e+02	5.999753e+00
3.261713e+02	5.999753e+00
3.242182e+02	5.996988e+00
3.222651e+02	5.996988e+00
3.203120e+02	5.994224e+00
3.183589e+02	5.994224e+00
3.164058e+02	5.988694e+00
3.144527e+02	5.988694e+00
3.124996e+02	5.983164e+00
3.105465e+02	5.983164e+00
3.085933e+02	5.983164e+00
3.066402e+02	5.980399e+00
3.046871e+02	5.977634e+00
3.027340e+02	5.972105e+00
3.007809e+02	5.974869e+00
2.988278e+02	5.974869e+00
2.968747e+02	5.963810e+00
2.949216e+02	5.969340e+00
2.929685e+02	5.966575e+00
2.910153e+02	5.958280e+00
2.890622e+02	5.958280e+00
2.871091e+02	5.961045e+00
2.851560e+02	5.955515e+00
2.832029e+02	5.958280e+00
2.812498e+02	5.949986e+00
2.792967e+02	5.944456e+00
2.773436e+02	5.949986e+00
2.753904e+02	5.941691e+00
2.734373e+02	5.941691e+00
2.714842e+02	5.936161e+00
2.695311e+02	5.936161e+00
2.675780e+02	5.933396e+00
2.656249e+02	5.930631e+00
2.636718e+02	5.930631e+00
2.617187e+02	5.922337e+00
2.597656e+02	5.925102e+00
2.578124e+02	5.922337e+00
2.558593e+02	5.919572e+00
2.539062e+02	5.919572e+00
2.519531e+02	5.914042e+00
2.500000e+02	5.914042e+00
2.480469e+02	5.911277e+00
2.460938e+02	5.911277e+00
2.441407e+02	5.911277e+00
2.421876e+02	5.905748e+00
2.402344e+02	5.902983e+00
2.382813e+02	5.902983e+00
2.363282e+02	5.897453e+00
2.343751e+02	5.894688e+00
2.324219e+02	5.894688e+00
2.304688e+02	5.897453e+00
2.285157e+02	5.891923e+00
2.265626e+02	5.889158e+00
2.246094e+02	5.891923e+00
2.226563e+02	5.889158e+00
2.207032e+02	5.883629e+00
2.187501e+02	5.880864e+00
2.167969e+02	5.880864e+00
2.148438e+02	5.878099e+00
2.128907e+02	5.880864e+00
2.109376e+02	5.875334e+00
2.089844e+02	5.869804e+00
2.070313e+02	5.869804e+00
2.050782e+02	5.864274e+00
2.031251e+02	5.864274e+00
2.011719e+02	5.861510e+00
1.992188e+02	5.855980e+00
1.972657e+02	5.861510e+00
1.953126e+02	5.853215e+00
1.933594e+02	5.853215e+00
1.914063e+02	5.853215e+00
1.894532e+02	5.847685e+00
1.875000e+02	5.842156e+00
1.855469e+02	5.844920e+00
1.835938e+02	5.839391e+00
1.816407e+02	5.836626e+00
1.796875e+02	5.833861e+00
1.777344e+02	5.833861e+00
1.757813e+02	5.836626e+00
1.738282e+02	5.831097e+00
1.718750e+02	5.828332e+00
1.699219e+02	5.828332e+00
1.679688e+02	5.825566e+00
1.660157e+02	5.820037e+00
1.640625e+02	5.822802e+00
1.621094e+02	5.820037e+00
1.601563e+02	5.817272e+00
1.582032e+02	5.811743e+00
1.562500e+02	5.814507e+00
1.542969e+02	5.806212e+00
1.523438e+02	5.808978e+00
1.503907e+02	5.803447e+00
1.484375e+02	5.803447e+00
1.464844e+02	5.803447e+00
1.445313e+02	5.800683e+00
1.425782e+02	5.795153e+00
1.406250e+02	5.792388e+00
1.386719e+02	5.792388e+00
1.367188e+02	5.795153e+00
1.347657e+02	5.786859e+00
1.328125e+02	5.786859e+00
1.308594e+02	5.781329e+00
1.289063e+02	5.784094e+00
1.269532e+02	5.778564e+00
1.250000e+02	5.778564e+00
1.230469e+02	5.784094e+00
1.210938e+02	5.778564e+00
1.191407e+02	5.775799e+00
1.171875e+02	5.770270e+00
1.152344e+02	5.773034e+00
1.132813e+02	5.767505e+00
1.113281e+02	5.767505e+00
1.093750e+02	5.764740e+00
1.074219e+02	5.761975e+00
1.054688e+02	5.759210e+00
1.035156e+02	5.756445e+00
1.015625e+02	5.756445e+00
9.960939e+01	5.750916e+00
9.765627e+01	5.753680e+00
9.570314e+01	5.753680e+00
9.375002e+01	5.745386e+00
9.179689e+01	5.750916e+00
8.984377e+01	5.742621e+00
8.789064e+01	5.739856e+00
8.593751e+01	5.731561e+00
8.398439e+01	5.731561e+00
8.203126e+01	5.737091e+00
8.007814e+01	5.726032e+00
7.812501e+01	5.726032e+00
7.617189e+01	5.726032e+00
7.421876e+01	5.726032e+00
7.226564e+01	5.720502e+00
7.031251e+01	5.717737e+00
6.835938e+01	5.726032e+00
6.640626e+01	5.717737e+00
6.445313e+01	5.714972e+00
6.250001e+01	5.712207e+00
6.054688e+01	5.712207e+00
5.859376e+01	5.706678e+00
5.664063e+01	5.706678e+00
5.468750e+01	5.703913e+00
5.273438e+01	5.692853e+00
5.078125e+01	5.698383e+00
4.882813e+01	5.698383e+00
4.687500e+01	5.695618e+00
4.492188e+01	5.692853e+00
4.296875e+01	5.687324e+00
4.101562e+01	5.692853e+00
3.906250e+01	5.687324e+00
3.710937e+01	5.687324e+00
3.515625e+01	5.684559e+00
3.320312e+01	5.684559e+00
3.125000e+01	5.679029e+00
2.929687e+01	5.676264e+00
2.734375e+01	5.673499e+00
2.539062e+01	5.679029e+00
2.343749e+01	5.673499e+00
2.148437e+01	5.670734e+00
1.953124e+01	5.665205e+00
1.757812e+01	5.659675e+00
1.562499e+01	5.665205e+00
1.367187e+01	5.662440e+00
1.171874e+01	5.651380e+00
9.765617e+00	5.654145e+00
7.812492e+00	5.659675e+00
5.859367e+00	5.654145e+00
3.906242e+00	5.651380e+00
1.953117e+00	5.648616e+00
-7.549517e-06	5.648616e+00
