    um         	uN
7.656250e-01	4.313187e-01
7.812500e-01	4.313187e-01
7.968750e-01	4.285538e-01
8.125000e-01	4.257889e-01
8.281250e-01	4.230241e-01
8.437500e-01	4.202592e-01
8.593750e-01	4.202592e-01
8.750000e-01	4.174943e-01
8.906250e-01	4.147295e-01
9.062500e-01	4.119646e-01
9.218750e-01	4.119646e-01
9.375000e-01	4.119646e-01
9.531250e-01	4.119646e-01
9.687500e-01	4.091997e-01
9.843750e-01	4.119646e-01
1.000000e+00	4.119646e-01
1.015625e+00	4.119646e-01
1.031250e+00	4.091997e-01
1.046875e+00	4.091997e-01
1.062500e+00	4.119646e-01
1.078125e+00	4.119646e-01
1.093750e+00	4.119646e-01
1.109375e+00	4.119646e-01
1.125000e+00	4.119646e-01
1.140625e+00	4.119646e-01
1.156250e+00	4.119646e-01
1.171875e+00	4.147295e-01
1.187500e+00	4.147295e-01
1.203125e+00	4.147295e-01
1.218750e+00	4.147295e-01
1.234375e+00	4.119646e-01
1.250000e+00	4.119646e-01
1.265625e+00	3.373133e-01
1.281250e+00	1.990701e-01
1.296875e+00	2.101296e-01
1.312500e+00	2.156593e-01
1.328125e+00	2.211891e-01
1.343750e+00	2.211891e-01
1.359375e+00	2.239539e-01
1.375000e+00	2.267188e-01
1.390625e+00	2.322485e-01
1.406250e+00	2.405431e-01
1.421875e+00	2.488377e-01
1.437500e+00	2.571323e-01
1.453125e+00	2.654269e-01
1.468750e+00	2.626620e-01
1.484375e+00	2.681917e-01
1.500000e+00	2.792512e-01
1.515625e+00	2.847809e-01
1.531250e+00	2.930755e-01
1.546875e+00	3.041349e-01
1.562500e+00	3.124295e-01
1.578125e+00	3.207241e-01
1.593750e+00	3.345484e-01
1.609375e+00	3.428430e-01
1.625000e+00	3.539025e-01
1.640625e+00	3.649619e-01
1.656250e+00	3.732565e-01
1.671875e+00	3.843160e-01
1.687500e+00	4.396132e-01
1.703125e+00	5.059700e-01
1.718750e+00	5.197943e-01
1.734375e+00	5.280889e-01
1.750000e+00	5.336186e-01
1.765625e+00	5.419132e-01
1.781250e+00	5.529726e-01
1.796875e+00	5.585023e-01
1.812500e+00	5.667969e-01
1.828125e+00	5.695618e-01
1.843750e+00	5.778564e-01
1.859375e+00	5.806212e-01
1.875000e+00	5.889158e-01
1.890625e+00	5.944456e-01
1.906250e+00	5.999753e-01
1.921875e+00	6.055050e-01
1.937500e+00	6.137996e-01
1.953125e+00	6.220942e-01
1.968750e+00	6.331537e-01
1.984375e+00	6.414483e-01
2.000000e+00	6.525077e-01
2.015625e+00	6.663320e-01
2.031250e+00	6.746266e-01
2.046874e+00	6.912158e-01
2.062499e+00	7.022753e-01
2.078124e+00	7.078050e-01
2.093749e+00	7.216293e-01
2.109374e+00	7.326888e-01
2.124999e+00	7.520428e-01
2.140624e+00	7.658671e-01
2.156249e+00	7.935157e-01
2.171874e+00	8.294589e-01
2.187498e+00	8.488130e-01
2.203123e+00	8.654022e-01
2.218748e+00	8.792265e-01
2.234373e+00	9.041103e-01
2.249998e+00	9.206994e-01
2.265623e+00	9.455832e-01
2.281248e+00	9.566427e-01
2.296873e+00	9.704670e-01
2.312498e+00	9.898210e-01
2.328122e+00	1.003645e+00
2.343747e+00	1.020235e+00
2.359372e+00	1.039589e+00
2.374997e+00	1.061708e+00
2.390622e+00	1.086591e+00
2.406247e+00	1.097651e+00
2.421872e+00	1.114240e+00
2.437497e+00	1.128064e+00
2.453122e+00	1.147418e+00
2.468747e+00	1.169537e+00
2.484371e+00	1.194421e+00
2.499996e+00	1.211010e+00
2.515621e+00	1.227599e+00
2.531246e+00	1.280132e+00
2.546871e+00	1.329899e+00
2.562496e+00	1.354783e+00
2.578121e+00	1.365842e+00
2.593746e+00	1.387961e+00
2.609371e+00	1.410080e+00
2.624995e+00	1.434964e+00
2.640620e+00	1.454318e+00
2.656245e+00	1.479202e+00
2.671870e+00	1.506850e+00
2.687495e+00	1.540029e+00
2.703120e+00	1.562148e+00
2.718745e+00	1.584267e+00
2.734370e+00	1.603621e+00
2.749995e+00	1.634034e+00
2.765619e+00	1.678272e+00
2.781244e+00	1.705920e+00
2.796869e+00	1.739099e+00
2.812494e+00	1.763983e+00
2.828119e+00	1.786102e+00
2.843744e+00	1.808221e+00
2.859369e+00	1.824810e+00
2.874994e+00	1.852458e+00
2.890619e+00	1.877342e+00
2.906243e+00	1.902226e+00
2.921868e+00	1.921580e+00
2.937493e+00	1.940934e+00
2.953118e+00	1.963053e+00
2.968743e+00	1.985172e+00
2.984368e+00	2.004526e+00
2.999993e+00	2.015585e+00
3.015618e+00	2.048763e+00
3.031243e+00	2.084707e+00
3.046868e+00	2.117885e+00
3.062492e+00	2.153829e+00
3.078117e+00	2.170417e+00
3.093742e+00	2.178712e+00
3.109367e+00	2.198066e+00
3.124992e+00	2.206361e+00
3.140617e+00	2.217420e+00
3.156242e+00	2.231245e+00
3.171867e+00	2.253364e+00
3.187492e+00	2.275483e+00
3.203116e+00	2.286542e+00
3.218741e+00	2.311426e+00
3.234366e+00	2.330780e+00
3.249991e+00	2.347369e+00
3.265616e+00	2.366723e+00
3.281241e+00	2.383312e+00
3.296866e+00	2.402666e+00
3.312491e+00	2.424785e+00
3.328116e+00	2.441374e+00
3.343740e+00	2.455198e+00
3.359365e+00	2.471788e+00
3.374990e+00	2.491142e+00
3.390615e+00	2.502201e+00
3.406240e+00	2.513261e+00
3.421865e+00	2.532615e+00
3.437490e+00	2.563028e+00
3.453115e+00	2.582382e+00
3.468740e+00	2.604501e+00
3.484364e+00	2.621090e+00
3.499989e+00	2.637679e+00
3.515614e+00	2.654269e+00
3.531239e+00	2.676388e+00
3.546864e+00	2.704036e+00
3.562489e+00	2.712331e+00
3.578114e+00	2.739979e+00
3.593739e+00	2.751039e+00
3.609364e+00	2.778687e+00
3.624988e+00	2.803571e+00
3.640613e+00	2.822925e+00
3.656238e+00	2.850574e+00
3.671863e+00	2.872693e+00
3.687488e+00	2.900341e+00
3.703113e+00	2.930755e+00
3.718738e+00	2.947344e+00
3.734363e+00	2.972228e+00
3.749988e+00	2.994347e+00
3.765613e+00	3.021995e+00
3.781237e+00	3.057939e+00
3.796862e+00	3.096647e+00
3.812487e+00	3.129825e+00
3.828112e+00	3.157474e+00
3.843737e+00	3.182358e+00
3.859363e+00	3.207241e+00
3.874988e+00	3.234890e+00
3.890613e+00	3.270833e+00
3.906238e+00	3.306776e+00
3.921863e+00	3.334425e+00
3.937488e+00	3.356544e+00
3.953113e+00	3.378663e+00
3.968738e+00	3.406311e+00
3.984364e+00	3.431195e+00
