    um         	uN
0.000000e+00	-8.847292e-02
3.906250e-02	-8.847292e-02
7.812500e-02	-8.570814e-02
1.171875e-01	-8.294337e-02
1.562500e-01	-8.294337e-02
1.953125e-01	-8.017859e-02
2.343750e-01	-7.741381e-02
2.734375e-01	-7.464903e-02
3.125000e-01	-7.188425e-02
3.515625e-01	-6.911947e-02
3.906250e-01	-6.635469e-02
4.296875e-01	-6.635469e-02
4.687500e-01	-6.358992e-02
5.078126e-01	-6.358992e-02
5.468751e-01	-6.082514e-02
5.859376e-01	-5.529558e-02
6.250001e-01	-5.529558e-02
6.640626e-01	-5.253080e-02
7.031251e-01	-4.976602e-02
7.421876e-01	-4.700124e-02
7.812502e-01	-4.423646e-02
8.203127e-01	-4.423646e-02
8.593752e-01	-4.147168e-02
8.984377e-01	-4.147168e-02
9.375002e-01	-3.870690e-02
9.765627e-01	-3.594213e-02
1.015625e+00	-3.317735e-02
1.054688e+00	-3.041257e-02
1.093750e+00	-2.764779e-02
1.132812e+00	-2.488301e-02
1.171875e+00	-2.211823e-02
1.210937e+00	-1.658867e-02
1.250000e+00	-1.105912e-02
1.289062e+00	-8.294337e-03
1.328125e+00	-5.529558e-03
1.367187e+00	-5.529558e-03
1.406250e+00	0.000000e+00
1.445312e+00	2.764863e-03
1.484375e+00	5.529726e-03
1.523437e+00	1.105945e-02
1.562500e+00	1.105945e-02
1.601562e+00	1.658918e-02
1.640624e+00	2.211891e-02
1.679687e+00	3.041350e-02
1.718749e+00	3.594322e-02
1.757812e+00	4.976754e-02
1.796874e+00	6.635672e-02
1.835937e+00	7.741617e-02
1.874999e+00	9.124049e-02
1.914062e+00	1.078297e-01
1.953124e+00	1.244188e-01
1.992187e+00	1.382432e-01
2.031249e+00	1.465377e-01
2.070312e+00	1.548323e-01
2.109374e+00	1.658918e-01
2.148437e+00	1.852458e-01
2.187500e+00	2.045999e-01
2.226562e+00	2.267188e-01
2.265625e+00	2.433080e-01
2.304687e+00	2.571323e-01
2.343750e+00	2.792512e-01
2.382812e+00	2.986052e-01
2.421875e+00	3.207241e-01
2.460938e+00	3.428430e-01
2.500000e+00	3.649619e-01
2.539063e+00	3.843160e-01
2.578125e+00	4.036700e-01
2.617188e+00	3.539025e-01
2.656250e+00	3.483728e-01
2.695313e+00	3.234890e-01
2.734376e+00	1.769512e-01
2.773438e+00	1.963053e-01
2.812501e+00	1.880107e-01
2.851563e+00	2.018350e-01
2.890626e+00	2.128945e-01
2.929688e+00	2.267188e-01
2.968751e+00	2.211891e-01
3.007814e+00	2.377782e-01
3.046876e+00	2.460728e-01
3.085939e+00	2.598971e-01
3.125001e+00	2.681917e-01
3.164064e+00	2.350134e-01
3.203126e+00	2.516026e-01
3.242189e+00	2.156593e-01
3.281252e+00	2.267188e-01
3.320314e+00	2.433080e-01
3.359377e+00	2.516026e-01
3.398439e+00	2.433080e-01
3.437502e+00	2.460728e-01
3.476564e+00	2.433080e-01
3.515627e+00	2.460728e-01
3.554690e+00	2.598971e-01
3.593752e+00	2.737215e-01
3.632815e+00	2.820160e-01
3.671877e+00	2.903106e-01
3.710940e+00	3.041349e-01
3.750002e+00	3.151944e-01
3.789065e+00	2.516026e-01
3.828127e+00	2.626620e-01
3.867190e+00	2.681917e-01
3.906252e+00	2.737215e-01
3.945314e+00	2.875458e-01
3.984377e+00	2.958404e-01
4.023439e+00	3.096647e-01
4.062501e+00	3.124295e-01
4.101564e+00	2.709566e-01
4.140626e+00	2.875458e-01
4.179688e+00	3.041349e-01
4.218751e+00	3.041349e-01
4.257813e+00	3.124295e-01
4.296875e+00	3.151944e-01
4.335938e+00	3.151944e-01
4.375000e+00	2.847809e-01
4.414062e+00	3.013701e-01
4.453125e+00	3.068998e-01
4.492187e+00	3.151944e-01
4.531249e+00	3.234890e-01
4.570312e+00	3.317836e-01
4.609374e+00	3.428430e-01
4.648437e+00	3.539025e-01
4.687499e+00	3.760214e-01
4.726561e+00	3.704917e-01
4.765624e+00	3.760214e-01
4.804686e+00	3.207241e-01
4.843748e+00	3.317836e-01
4.882811e+00	3.456079e-01
4.921873e+00	3.400782e-01
4.960935e+00	3.373133e-01
4.999998e+00	3.483728e-01
5.039060e+00	3.566674e-01
5.078122e+00	3.677268e-01
5.117185e+00	3.207241e-01
5.156247e+00	3.373133e-01
5.195309e+00	3.621971e-01
5.234372e+00	3.677268e-01
5.273434e+00	3.815511e-01
5.312496e+00	3.815511e-01
5.351559e+00	3.566674e-01
5.390621e+00	3.704917e-01
5.429683e+00	3.926106e-01
5.468746e+00	3.981403e-01
5.507808e+00	3.511376e-01
5.546870e+00	3.704917e-01
5.585933e+00	3.787863e-01
5.624995e+00	3.704917e-01
5.664057e+00	3.760214e-01
5.703120e+00	3.926106e-01
5.742182e+00	4.036700e-01
5.781244e+00	3.704917e-01
5.820307e+00	3.815511e-01
5.859369e+00	4.009052e-01
5.898431e+00	4.147295e-01
5.937494e+00	4.147295e-01
5.976556e+00	4.396132e-01
6.015619e+00	4.423781e-01
6.054681e+00	3.815511e-01
6.093743e+00	3.981403e-01
6.132806e+00	4.174943e-01
6.171868e+00	4.396132e-01
6.210930e+00	4.589673e-01
6.249993e+00	4.644970e-01
6.289055e+00	4.174943e-01
6.328117e+00	4.257889e-01
6.367180e+00	4.423781e-01
6.406242e+00	4.368484e-01
6.445304e+00	4.368484e-01
6.484367e+00	4.423781e-01
6.523429e+00	4.506727e-01
6.562491e+00	4.534376e-01
6.601554e+00	4.755565e-01
6.640616e+00	4.644970e-01
6.679678e+00	4.562024e-01
6.718741e+00	4.617322e-01
6.757803e+00	4.644970e-01
6.796865e+00	4.866159e-01
6.835928e+00	4.506727e-01
6.874990e+00	4.644970e-01
6.914052e+00	4.810862e-01
6.953115e+00	5.004403e-01
6.992177e+00	5.142646e-01
7.031239e+00	5.336186e-01
7.070302e+00	5.197943e-01
7.109364e+00	4.976754e-01
7.148426e+00	5.114997e-01
7.187489e+00	5.308538e-01
7.226551e+00	5.474429e-01
7.265613e+00	5.474429e-01
7.304676e+00	5.225592e-01
7.343738e+00	4.921457e-01
7.382801e+00	5.142646e-01
7.421863e+00	5.391483e-01
7.460925e+00	5.557375e-01
7.499988e+00	5.308538e-01
7.539050e+00	5.529726e-01
7.578112e+00	5.750915e-01
7.617175e+00	5.861510e-01
7.656237e+00	6.027402e-01
7.695300e+00	5.916807e-01
7.734363e+00	5.889158e-01
7.773426e+00	5.667969e-01
7.812489e+00	5.916807e-01
7.851551e+00	6.082699e-01
7.890614e+00	5.944456e-01
7.929677e+00	5.640321e-01
7.968740e+00	5.889158e-01
8.007803e+00	6.137996e-01
8.046865e+00	6.165645e-01
8.085928e+00	6.165645e-01
8.124991e+00	6.414483e-01
8.164054e+00	6.276239e-01
8.203117e+00	6.331537e-01
8.242179e+00	6.608023e-01
8.281242e+00	6.912158e-01
8.320305e+00	7.133347e-01
8.359368e+00	7.078050e-01
8.398431e+00	7.382185e-01
8.437493e+00	7.409834e-01
8.476556e+00	7.299239e-01
8.515619e+00	5.944456e-01
8.554682e+00	6.193293e-01
8.593744e+00	6.442131e-01
8.632807e+00	6.718618e-01
8.671870e+00	7.078050e-01
8.710933e+00	7.409834e-01
8.749996e+00	7.769265e-01
8.789058e+00	8.101049e-01
8.828121e+00	8.018103e-01
8.867184e+00	8.101049e-01
8.906247e+00	8.460481e-01
8.945310e+00	8.792265e-01
8.984372e+00	9.124049e-01
9.023435e+00	9.511130e-01
9.062498e+00	9.953508e-01
9.101561e+00	1.031294e+00
9.140624e+00	1.070002e+00
9.179686e+00	1.117005e+00
9.218749e+00	1.166772e+00
9.257812e+00	1.213775e+00
9.296875e+00	1.263542e+00
9.335938e+00	1.305015e+00
9.375000e+00	1.343724e+00
9.414063e+00	1.401786e+00
9.453126e+00	1.443259e+00
9.492189e+00	1.484731e+00
9.531252e+00	1.531734e+00
9.570314e+00	1.584267e+00
9.609377e+00	1.625740e+00
9.648440e+00	1.661683e+00
9.687503e+00	1.700391e+00
9.726566e+00	1.692096e+00
9.765628e+00	1.711450e+00
9.804691e+00	1.755688e+00
9.843754e+00	1.794396e+00
9.882817e+00	1.830339e+00
9.921880e+00	1.871812e+00
9.960942e+00	1.910520e+00
