    nm         	uN
0.000000e+00	1.415610e+00
3.906250e+00	1.415610e+00
7.812500e+00	1.415610e+00
1.171875e+01	1.410080e+00
1.562500e+01	1.412845e+00
1.953125e+01	1.410080e+00
2.343750e+01	1.410080e+00
2.734375e+01	1.410080e+00
3.125000e+01	1.410080e+00
3.515625e+01	1.407315e+00
3.906250e+01	1.407315e+00
4.296875e+01	1.404551e+00
4.687501e+01	1.404551e+00
5.078126e+01	1.401786e+00
5.468751e+01	1.399021e+00
5.859376e+01	1.399021e+00
6.250001e+01	1.399021e+00
6.640626e+01	1.399021e+00
7.031251e+01	1.396256e+00
7.421876e+01	1.399021e+00
7.812501e+01	1.396256e+00
8.203126e+01	1.396256e+00
8.593751e+01	1.396256e+00
8.984377e+01	1.396256e+00
9.375002e+01	1.393491e+00
9.765627e+01	1.393491e+00
1.015625e+02	1.393491e+00
1.054688e+02	1.393491e+00
1.093750e+02	1.390726e+00
1.132813e+02	1.390726e+00
1.171875e+02	1.390726e+00
1.210938e+02	1.387961e+00
1.250000e+02	1.387961e+00
1.289063e+02	1.387961e+00
1.328125e+02	1.385196e+00
1.367188e+02	1.387961e+00
1.406250e+02	1.382432e+00
1.445313e+02	1.382432e+00
1.484375e+02	1.382432e+00
1.523438e+02	1.382432e+00
1.562500e+02	1.382432e+00
1.601563e+02	1.385196e+00
1.640625e+02	1.382432e+00
1.679688e+02	1.376902e+00
1.718750e+02	1.376902e+00
1.757813e+02	1.376902e+00
1.796875e+02	1.374137e+00
1.835938e+02	1.376902e+00
1.875000e+02	1.376902e+00
1.914063e+02	1.374137e+00
1.953126e+02	1.371372e+00
1.992188e+02	1.374137e+00
2.031251e+02	1.371372e+00
2.070313e+02	1.371372e+00
2.109376e+02	1.371372e+00
2.148438e+02	1.368607e+00
2.187501e+02	1.368607e+00
2.226563e+02	1.365842e+00
2.265626e+02	1.365842e+00
2.304688e+02	1.365842e+00
2.343751e+02	1.363078e+00
2.382813e+02	1.365842e+00
2.421876e+02	1.363078e+00
2.460938e+02	1.360313e+00
2.500001e+02	1.363078e+00
2.539063e+02	1.360313e+00
2.578126e+02	1.357548e+00
2.617188e+02	1.360313e+00
2.656251e+02	1.360313e+00
2.695313e+02	1.360313e+00
2.734376e+02	1.360313e+00
2.773438e+02	1.357548e+00
2.812501e+02	1.357548e+00
2.851563e+02	1.354783e+00
2.890626e+02	1.354783e+00
2.929688e+02	1.352018e+00
2.968751e+02	1.354783e+00
3.007813e+02	1.354783e+00
3.046876e+02	1.352018e+00
3.085938e+02	1.352018e+00
3.125001e+02	1.352018e+00
3.164063e+02	1.349253e+00
3.203126e+02	1.349253e+00
3.242188e+02	1.349253e+00
3.281251e+02	1.346488e+00
3.320313e+02	1.346488e+00
3.359376e+02	1.349253e+00
3.398438e+02	1.346488e+00
3.437501e+02	1.346488e+00
3.476563e+02	1.346488e+00
3.515626e+02	1.343724e+00
3.554688e+02	1.343724e+00
3.593751e+02	1.346488e+00
3.632813e+02	1.343724e+00
3.671876e+02	1.340959e+00
3.710938e+02	1.340959e+00
3.750001e+02	1.340959e+00
3.789063e+02	1.338194e+00
3.828126e+02	1.335429e+00
3.867189e+02	1.338194e+00
3.906251e+02	1.335429e+00
3.945314e+02	1.335429e+00
3.984376e+02	1.332664e+00
4.023439e+02	1.335429e+00
4.062501e+02	1.332664e+00
4.101564e+02	1.335429e+00
4.140626e+02	1.335429e+00
4.179689e+02	1.332664e+00
4.218751e+02	1.329899e+00
4.257814e+02	1.327134e+00
4.296876e+02	1.327134e+00
4.335939e+02	1.329899e+00
4.375001e+02	1.329899e+00
4.414064e+02	1.329899e+00
4.453126e+02	1.329899e+00
4.492189e+02	1.332664e+00
4.531251e+02	1.327134e+00
4.570314e+02	1.327134e+00
4.609376e+02	1.327134e+00
4.648439e+02	1.324369e+00
4.687501e+02	1.324369e+00
4.726564e+02	1.324369e+00
4.765626e+02	1.324369e+00
4.804689e+02	1.321605e+00
4.843751e+02	1.321605e+00
4.882813e+02	1.318840e+00
4.921876e+02	1.321605e+00
4.960938e+02	1.318840e+00
5.000000e+02	1.321605e+00
5.039062e+02	1.318840e+00
5.078124e+02	1.318840e+00
5.117187e+02	1.316075e+00
5.156249e+02	1.316075e+00
5.195311e+02	1.318840e+00
5.234373e+02	1.313310e+00
5.273436e+02	1.316075e+00
5.312498e+02	1.313310e+00
5.351560e+02	1.313310e+00
5.390622e+02	1.313310e+00
5.429685e+02	1.313310e+00
5.468747e+02	1.310545e+00
5.507809e+02	1.310545e+00
5.546871e+02	1.310545e+00
5.585933e+02	1.310545e+00
5.624996e+02	1.310545e+00
5.664058e+02	1.307780e+00
5.703120e+02	1.307780e+00
5.742182e+02	1.310545e+00
5.781245e+02	1.310545e+00
5.820307e+02	1.307780e+00
5.859369e+02	1.305015e+00
5.898431e+02	1.305015e+00
5.937493e+02	1.305015e+00
5.976556e+02	1.305015e+00
6.015618e+02	1.305015e+00
6.054680e+02	1.305015e+00
6.093742e+02	1.305015e+00
6.132805e+02	1.305015e+00
6.171867e+02	1.305015e+00
6.210929e+02	1.302251e+00
6.249991e+02	1.302251e+00
6.289054e+02	1.302251e+00
6.328116e+02	1.299486e+00
6.367178e+02	1.305015e+00
6.406240e+02	1.302251e+00
6.445302e+02	1.302251e+00
6.484365e+02	1.302251e+00
6.523427e+02	1.302251e+00
6.562489e+02	1.299486e+00
6.601551e+02	1.299486e+00
6.640614e+02	1.299486e+00
6.679676e+02	1.296721e+00
6.718738e+02	1.299486e+00
6.757800e+02	1.293956e+00
6.796863e+02	1.296721e+00
6.835925e+02	1.293956e+00
6.874987e+02	1.293956e+00
6.914049e+02	1.293956e+00
6.953111e+02	1.296721e+00
6.992174e+02	1.293956e+00
7.031236e+02	1.293956e+00
7.070298e+02	1.291191e+00
7.109360e+02	1.293956e+00
7.148423e+02	1.293956e+00
7.187485e+02	1.293956e+00
7.226547e+02	1.293956e+00
7.265609e+02	1.293956e+00
7.304671e+02	1.291191e+00
7.343734e+02	1.293956e+00
7.382796e+02	1.291191e+00
7.421858e+02	1.288426e+00
7.460920e+02	1.288426e+00
7.499983e+02	1.285661e+00
7.539045e+02	1.288426e+00
7.578107e+02	1.285661e+00
7.617169e+02	1.288426e+00
7.656232e+02	1.288426e+00
7.695294e+02	1.288426e+00
7.734356e+02	1.285661e+00
7.773418e+02	1.288426e+00
7.812480e+02	1.285661e+00
7.851543e+02	1.285661e+00
7.890605e+02	1.288426e+00
7.929667e+02	1.285661e+00
7.968729e+02	1.285661e+00
8.007792e+02	1.285661e+00
8.046854e+02	1.285661e+00
8.085916e+02	1.285661e+00
8.124978e+02	1.288426e+00
8.164041e+02	1.288426e+00
8.203103e+02	1.285661e+00
8.242165e+02	1.282897e+00
8.281227e+02	1.280132e+00
8.320289e+02	1.282897e+00
8.359352e+02	1.280132e+00
8.398414e+02	1.282897e+00
8.437476e+02	1.282897e+00
8.476538e+02	1.280132e+00
8.515601e+02	1.280132e+00
8.554663e+02	1.282897e+00
8.593725e+02	1.282897e+00
8.632787e+02	1.280132e+00
8.671850e+02	1.280132e+00
8.710912e+02	1.280132e+00
8.749974e+02	1.280132e+00
8.789036e+02	1.280132e+00
8.828098e+02	1.277367e+00
8.867161e+02	1.277367e+00
8.906223e+02	1.280132e+00
8.945285e+02	1.280132e+00
8.984347e+02	1.280132e+00
9.023410e+02	1.280132e+00
9.062472e+02	1.277367e+00
9.101534e+02	1.274602e+00
9.140596e+02	1.277367e+00
9.179658e+02	1.274602e+00
9.218721e+02	1.274602e+00
9.257783e+02	1.277367e+00
9.296845e+02	1.274602e+00
9.335907e+02	1.277367e+00
9.374970e+02	1.277367e+00
9.414032e+02	1.277367e+00
9.453094e+02	1.274602e+00
9.492156e+02	1.274602e+00
9.531219e+02	1.274602e+00
9.570281e+02	1.274602e+00
9.609344e+02	1.274602e+00
9.648406e+02	1.271837e+00
9.687469e+02	1.271837e+00
9.726532e+02	1.274602e+00
9.765595e+02	1.274602e+00
9.804658e+02	1.274602e+00
9.843720e+02	1.271837e+00
9.882783e+02	1.274602e+00
9.921846e+02	1.271837e+00
9.960909e+02	1.271837e+00
