实验仪器为布鲁克AFM，所用模式为peak force QNM in air，扫描范围（scan size）为50nm×50nm，压电陶瓷总位移为2000nm，下压力为100nN。
AFM探针型号为RTESPA-150，所测材料为二维cof薄膜，基底为铜网，此时将铜网放置在干净的硅片上，进行测试。以下数据为随着探针下压，探针所受力的变化。
    um         	nN
1.494141e+00	4.401420e+01
1.488282e+00	4.384793e+01
1.482423e+00	4.444176e+01
1.476563e+00	4.444176e+01
1.470704e+00	4.460803e+01
1.464844e+00	4.418047e+01
1.458985e+00	4.441801e+01
1.453125e+00	4.408546e+01
1.447266e+00	4.446551e+01
1.441407e+00	4.451302e+01
1.435547e+00	4.368166e+01
1.429688e+00	4.344413e+01
1.423828e+00	4.299283e+01
1.417969e+00	4.273155e+01
1.412110e+00	4.216147e+01
1.406250e+00	4.206646e+01
1.400391e+00	4.201896e+01
1.394531e+00	4.144889e+01
1.388672e+00	4.144889e+01
1.382812e+00	4.080756e+01
1.376953e+00	4.018998e+01
1.371094e+00	3.959616e+01
1.365234e+00	3.950115e+01
1.359375e+00	3.883606e+01
1.353515e+00	3.852728e+01
1.347656e+00	3.885982e+01
1.341797e+00	3.850352e+01
1.335937e+00	3.636576e+01
1.330078e+00	3.641326e+01
1.324218e+00	3.679331e+01
1.318359e+00	3.660329e+01
1.312499e+00	3.608072e+01
1.306640e+00	3.546315e+01
1.300781e+00	3.482181e+01
1.294921e+00	3.344415e+01
1.289062e+00	3.249403e+01
1.283202e+00	3.247028e+01
1.277343e+00	3.228025e+01
1.271483e+00	3.011873e+01
1.265624e+00	2.966743e+01
1.259765e+00	2.952491e+01
1.253905e+00	2.923987e+01
1.248046e+00	2.824225e+01
1.242186e+00	2.866980e+01
1.236327e+00	2.634201e+01
1.230468e+00	2.610449e+01
1.224608e+00	2.610449e+01
1.218749e+00	2.541565e+01
1.212889e+00	2.453679e+01
1.207030e+00	2.382420e+01
1.201170e+00	2.311161e+01
1.195311e+00	2.299285e+01
1.189452e+00	2.171019e+01
1.183592e+00	2.068881e+01
1.177733e+00	1.995247e+01
1.171873e+00	1.952492e+01
1.166014e+00	1.871732e+01
1.160155e+00	1.869357e+01
1.154295e+00	1.755343e+01
1.148436e+00	1.700711e+01
1.142576e+00	2.771969e+01
1.136717e+00	2.764843e+01
1.130857e+00	2.769593e+01
1.124998e+00	2.769593e+01
1.119139e+00	2.767218e+01
1.113279e+00	2.764843e+01
1.107420e+00	2.764843e+01
1.101560e+00	2.757717e+01
1.095701e+00	2.757717e+01
1.089841e+00	2.762467e+01
1.083982e+00	2.757717e+01
1.078123e+00	2.748216e+01
1.072263e+00	2.743465e+01
1.066404e+00	2.738714e+01
1.060544e+00	2.736339e+01
1.054685e+00	2.731589e+01
1.048826e+00	2.733964e+01
1.042966e+00	2.719712e+01
1.037107e+00	2.722087e+01
1.031247e+00	2.729213e+01
1.025388e+00	2.724463e+01
1.019528e+00	2.710211e+01
1.013669e+00	2.695959e+01
1.007810e+00	2.700710e+01
1.001950e+00	2.698334e+01
9.960908e-01	2.691208e+01
9.902313e-01	2.693584e+01
9.843719e-01	2.691208e+01
9.785125e-01	2.684082e+01
9.726531e-01	2.686458e+01
9.667937e-01	2.674582e+01
9.609342e-01	2.672206e+01
9.550748e-01	2.655579e+01
9.492155e-01	2.655579e+01
9.433561e-01	2.657954e+01
9.374967e-01	2.655579e+01
9.316374e-01	2.653204e+01
9.257780e-01	2.657954e+01
9.199186e-01	2.646078e+01
9.140593e-01	2.646078e+01
9.081999e-01	2.643703e+01
9.023406e-01	2.646078e+01
8.964812e-01	2.627075e+01
8.906218e-01	2.619950e+01
8.847625e-01	2.622325e+01
8.789031e-01	2.617574e+01
8.730437e-01	2.608073e+01
8.671844e-01	2.622325e+01
8.613250e-01	2.617574e+01
8.554657e-01	2.615199e+01
8.496063e-01	2.612824e+01
8.437469e-01	2.612824e+01
8.378876e-01	2.600947e+01
8.320282e-01	2.600947e+01
8.261688e-01	2.596197e+01
8.203095e-01	2.584320e+01
8.144501e-01	2.581945e+01
8.085908e-01	2.586695e+01
8.027314e-01	2.584320e+01
7.968720e-01	2.574819e+01
7.910127e-01	2.574819e+01
7.851533e-01	2.572444e+01
7.792939e-01	2.572444e+01
7.734346e-01	2.565318e+01
7.675752e-01	2.560567e+01
7.617159e-01	2.553442e+01
7.558565e-01	2.551066e+01
7.499971e-01	2.553442e+01
7.441378e-01	2.546316e+01
7.382784e-01	2.546316e+01
7.324190e-01	2.541565e+01
7.265597e-01	2.541565e+01
7.207003e-01	2.539189e+01
7.148410e-01	2.527313e+01
7.089816e-01	2.517812e+01
7.031222e-01	2.515437e+01
6.972629e-01	2.513061e+01
6.914035e-01	2.508311e+01
6.855441e-01	2.510686e+01
6.796848e-01	2.513061e+01
6.738254e-01	2.505936e+01
6.679660e-01	2.510686e+01
6.621067e-01	2.513061e+01
6.562473e-01	2.501185e+01
6.503880e-01	2.486933e+01
6.445286e-01	2.484558e+01
6.386692e-01	2.479807e+01
6.328099e-01	2.470306e+01
6.269505e-01	2.467931e+01
6.210911e-01	2.460805e+01
6.152318e-01	2.460805e+01
6.093724e-01	2.458430e+01
6.035131e-01	2.460805e+01
5.976537e-01	2.453679e+01
5.917943e-01	2.439427e+01
5.859350e-01	2.434677e+01
5.800756e-01	2.429926e+01
5.742162e-01	2.427551e+01
5.683569e-01	2.432301e+01
5.624975e-01	2.418050e+01
5.566382e-01	2.410924e+01
5.507788e-01	2.408548e+01
5.449194e-01	2.406173e+01
5.390601e-01	2.408548e+01
5.332007e-01	2.399047e+01
5.273413e-01	2.391922e+01
5.214820e-01	2.387171e+01
5.156226e-01	2.387171e+01
5.097633e-01	2.377670e+01
5.039039e-01	2.382420e+01
4.980445e-01	2.382420e+01
4.921852e-01	2.389546e+01
4.863258e-01	2.384795e+01
4.804664e-01	2.382420e+01
4.746071e-01	2.377670e+01
4.687477e-01	2.365793e+01
4.628884e-01	2.365793e+01
4.570290e-01	2.363418e+01
4.511696e-01	2.351541e+01
4.453103e-01	2.342040e+01
4.394509e-01	2.349166e+01
4.335915e-01	2.349166e+01
4.277322e-01	2.351541e+01
4.218728e-01	2.342040e+01
4.160134e-01	2.346791e+01
4.101541e-01	2.332539e+01
4.042947e-01	2.327788e+01
3.984354e-01	2.323038e+01
3.925760e-01	2.311161e+01
3.867166e-01	2.313537e+01
3.808573e-01	2.315912e+01
3.749979e-01	2.315912e+01
3.691385e-01	2.315912e+01
3.632792e-01	2.318287e+01
3.574198e-01	2.318287e+01
3.515605e-01	2.311161e+01
3.457011e-01	2.292159e+01
3.398417e-01	2.296910e+01
3.339824e-01	2.294534e+01
3.281230e-01	2.292159e+01
3.222636e-01	2.289784e+01
3.164043e-01	2.294534e+01
3.105449e-01	2.285033e+01
3.046856e-01	2.280283e+01
2.988262e-01	2.280283e+01
2.929668e-01	2.270781e+01
2.871075e-01	2.258905e+01
2.812481e-01	2.251779e+01
2.753887e-01	2.244653e+01
2.695294e-01	2.242278e+01
2.636700e-01	2.242278e+01
2.578107e-01	2.239903e+01
2.519513e-01	2.237527e+01
2.460919e-01	2.235152e+01
2.402326e-01	2.225651e+01
2.343732e-01	2.230401e+01
2.285138e-01	2.216150e+01
2.226544e-01	2.209024e+01
2.167951e-01	2.204273e+01
2.109357e-01	2.201898e+01
2.050763e-01	2.199523e+01
1.992169e-01	2.192397e+01
1.933576e-01	2.192397e+01
1.874982e-01	2.182896e+01
1.816388e-01	2.180520e+01
1.757794e-01	2.180520e+01
1.699200e-01	2.178145e+01
1.640607e-01	2.166268e+01
1.582013e-01	2.159143e+01
1.523419e-01	2.159143e+01
1.464825e-01	2.147266e+01
1.406232e-01	2.147266e+01
1.347638e-01	2.147266e+01
1.289044e-01	2.149641e+01
1.230450e-01	2.149641e+01
1.171856e-01	2.149641e+01
1.113263e-01	2.144891e+01
1.054669e-01	2.130639e+01
9.960752e-02	2.121138e+01
9.374814e-02	2.123513e+01
8.788876e-02	2.116387e+01
8.202939e-02	2.109261e+01
7.617001e-02	2.114012e+01
7.031063e-02	2.109261e+01
6.445126e-02	2.106886e+01
5.859188e-02	2.104511e+01
5.273251e-02	2.116387e+01
4.687314e-02	2.104511e+01
4.101376e-02	2.095010e+01
3.515439e-02	2.095010e+01
2.929501e-02	2.085508e+01
2.343564e-02	2.076007e+01
1.757626e-02	2.078383e+01
1.171689e-02	2.073632e+01
5.857514e-03	2.059380e+01
-1.860734e-06	2.052254e+01
