实验仪器为布鲁克AFM，所用模式为peak force QNM in air，扫描范围（scan size）为50nm×50nm，压电陶瓷总位移为300nm，下压力为100nN。
AFM探针型号为RTESPA-150，所测材料为二维cof薄膜，基底为铜网，此时将铜网放置在干净的硅片上，进行测试。以下数据为随着探针下压，探针所受力的变化。
    nm         	nN
2.988283e+02	4.429924e+01
2.976564e+02	4.320660e+01
2.964845e+02	4.118760e+01
2.953126e+02	3.904984e+01
2.941407e+02	3.738714e+01
2.929688e+02	3.548690e+01
2.917970e+02	3.325412e+01
2.906251e+02	3.106885e+01
2.894532e+02	2.907360e+01
2.882813e+02	2.686458e+01
2.871094e+02	2.541565e+01
2.859375e+02	3.337288e+01
2.847657e+02	3.353916e+01
2.835938e+02	3.361042e+01
2.824219e+02	3.361042e+01
2.812500e+02	3.356291e+01
2.800781e+02	3.358666e+01
2.789062e+02	3.356291e+01
2.777344e+02	3.351540e+01
2.765625e+02	3.358666e+01
2.753906e+02	3.365792e+01
2.742187e+02	3.380044e+01
2.730468e+02	3.389545e+01
2.718749e+02	3.391920e+01
2.707031e+02	3.391920e+01
2.695312e+02	3.387170e+01
2.683593e+02	3.384794e+01
2.671874e+02	3.380044e+01
2.660155e+02	3.377669e+01
2.648436e+02	3.370543e+01
2.636718e+02	3.363417e+01
2.624999e+02	3.370543e+01
2.613280e+02	3.372918e+01
2.601561e+02	3.372918e+01
2.589842e+02	3.368167e+01
2.578123e+02	3.368167e+01
2.566404e+02	3.372918e+01
2.554686e+02	3.372918e+01
2.542967e+02	3.365792e+01
2.531248e+02	3.351540e+01
2.519529e+02	3.363417e+01
2.507810e+02	3.363417e+01
2.496091e+02	3.368167e+01
2.484373e+02	3.370543e+01
2.472654e+02	3.370543e+01
2.460935e+02	3.358666e+01
2.449216e+02	3.358666e+01
2.437497e+02	3.370543e+01
2.425778e+02	3.372918e+01
2.414060e+02	3.365792e+01
2.402341e+02	3.365792e+01
2.390622e+02	3.368167e+01
2.378903e+02	3.356291e+01
2.367184e+02	3.356291e+01
2.355466e+02	3.361042e+01
2.343747e+02	3.361042e+01
2.332028e+02	3.356291e+01
2.320310e+02	3.353916e+01
2.308591e+02	3.365792e+01
2.296872e+02	3.358666e+01
2.285154e+02	3.351540e+01
2.273435e+02	3.349165e+01
2.261716e+02	3.351540e+01
2.249998e+02	3.351540e+01
2.238279e+02	3.353916e+01
2.226560e+02	3.349165e+01
2.214841e+02	3.353916e+01
2.203123e+02	3.342039e+01
2.191404e+02	3.351540e+01
2.179685e+02	3.346790e+01
2.167967e+02	3.339664e+01
2.156248e+02	3.346790e+01
2.144529e+02	3.342039e+01
2.132811e+02	3.339664e+01
2.121092e+02	3.339664e+01
2.109373e+02	3.346790e+01
2.097654e+02	3.353916e+01
2.085936e+02	3.344415e+01
2.074217e+02	3.346790e+01
2.062498e+02	3.349165e+01
2.050780e+02	3.339664e+01
2.039061e+02	3.337288e+01
2.027342e+02	3.334913e+01
2.015624e+02	3.337288e+01
2.003905e+02	3.339664e+01
1.992186e+02	3.339664e+01
1.980467e+02	3.344415e+01
1.968749e+02	3.344415e+01
1.957030e+02	3.334913e+01
1.945311e+02	3.344415e+01
1.933593e+02	3.339664e+01
1.921874e+02	3.325412e+01
1.910155e+02	3.330162e+01
1.898437e+02	3.332538e+01
1.886718e+02	3.327787e+01
1.874999e+02	3.327787e+01
1.863281e+02	3.332538e+01
1.851562e+02	3.327787e+01
1.839843e+02	3.337288e+01
1.828124e+02	3.327787e+01
1.816406e+02	3.332538e+01
1.804687e+02	3.334913e+01
1.792968e+02	3.325412e+01
1.781250e+02	3.325412e+01
1.769531e+02	3.323037e+01
1.757812e+02	3.323037e+01
1.746094e+02	3.325412e+01
1.734375e+02	3.325412e+01
1.722656e+02	3.320661e+01
1.710937e+02	3.323037e+01
1.699219e+02	3.330162e+01
1.687500e+02	3.327787e+01
1.675781e+02	3.315911e+01
1.664063e+02	3.315911e+01
1.652344e+02	3.313536e+01
1.640625e+02	3.315911e+01
1.628907e+02	3.318286e+01
1.617188e+02	3.318286e+01
1.605469e+02	3.315911e+01
1.593750e+02	3.313536e+01
1.582032e+02	3.315911e+01
1.570313e+02	3.313536e+01
1.558594e+02	3.308785e+01
1.546876e+02	3.304034e+01
1.535157e+02	3.301659e+01
1.523438e+02	3.301659e+01
1.511720e+02	3.308785e+01
1.500001e+02	3.315911e+01
1.488282e+02	3.306410e+01
1.476564e+02	3.308785e+01
1.464845e+02	3.306410e+01
1.453126e+02	3.313536e+01
1.441407e+02	3.311160e+01
1.429689e+02	3.304034e+01
1.417970e+02	3.294533e+01
1.406251e+02	3.301659e+01
1.394533e+02	3.296908e+01
1.382814e+02	3.296908e+01
1.371095e+02	3.301659e+01
1.359377e+02	3.301659e+01
1.347658e+02	3.299284e+01
1.335939e+02	3.301659e+01
1.324220e+02	3.301659e+01
1.312502e+02	3.289783e+01
1.300783e+02	3.277906e+01
1.289064e+02	3.282657e+01
1.277346e+02	3.282657e+01
1.265627e+02	3.277906e+01
1.253908e+02	3.289783e+01
1.242190e+02	3.294533e+01
1.230471e+02	3.292158e+01
1.218752e+02	3.292158e+01
1.207033e+02	3.304034e+01
1.195315e+02	3.292158e+01
1.183596e+02	3.285032e+01
1.171877e+02	3.287407e+01
1.160158e+02	3.289783e+01
1.148440e+02	3.292158e+01
1.136721e+02	3.289783e+01
1.125002e+02	3.296908e+01
1.113283e+02	3.306410e+01
1.101565e+02	3.306410e+01
1.089846e+02	3.301659e+01
1.078127e+02	3.301659e+01
1.066408e+02	3.287407e+01
1.054690e+02	3.287407e+01
1.042971e+02	3.285032e+01
1.031252e+02	3.282657e+01
1.019533e+02	3.282657e+01
1.007814e+02	3.287407e+01
9.960957e+01	3.277906e+01
9.843770e+01	3.277906e+01
9.726582e+01	3.285032e+01
9.609394e+01	3.287407e+01
9.492206e+01	3.277906e+01
9.375019e+01	3.280281e+01
9.257831e+01	3.266030e+01
9.140643e+01	3.268405e+01
9.023456e+01	3.263655e+01
8.906268e+01	3.263655e+01
8.789080e+01	3.263655e+01
8.671893e+01	3.270780e+01
8.554705e+01	3.270780e+01
8.437517e+01	3.280281e+01
8.320330e+01	3.268405e+01
8.203142e+01	3.263655e+01
8.085954e+01	3.268405e+01
7.968767e+01	3.273155e+01
7.851579e+01	3.263655e+01
7.734391e+01	3.275531e+01
7.617204e+01	3.270780e+01
7.500016e+01	3.266030e+01
7.382828e+01	3.263655e+01
7.265641e+01	3.263655e+01
7.148453e+01	3.263655e+01
7.031265e+01	3.256529e+01
6.914077e+01	3.261279e+01
6.796890e+01	3.256529e+01
6.679702e+01	3.251778e+01
6.562514e+01	3.256529e+01
6.445327e+01	3.266030e+01
6.328139e+01	3.266030e+01
6.210951e+01	3.258904e+01
6.093764e+01	3.263655e+01
5.976576e+01	3.261279e+01
5.859389e+01	3.251778e+01
5.742201e+01	3.242277e+01
5.625014e+01	3.242277e+01
5.507827e+01	3.247028e+01
5.390639e+01	3.247028e+01
5.273452e+01	3.249403e+01
5.156265e+01	3.251778e+01
5.039077e+01	3.249403e+01
4.921890e+01	3.249403e+01
4.804703e+01	3.258904e+01
4.687515e+01	3.258904e+01
4.570328e+01	3.242277e+01
4.453141e+01	3.237526e+01
4.335953e+01	3.235151e+01
4.218766e+01	3.239902e+01
4.101579e+01	3.244652e+01
3.984391e+01	3.242277e+01
3.867204e+01	3.242277e+01
3.750017e+01	3.239902e+01
3.632830e+01	3.244652e+01
3.515642e+01	3.244652e+01
3.398455e+01	3.239902e+01
3.281268e+01	3.237526e+01
3.164080e+01	3.244652e+01
3.046893e+01	3.237526e+01
2.929705e+01	3.232775e+01
2.812518e+01	3.249403e+01
2.695330e+01	3.247028e+01
2.578143e+01	3.242277e+01
2.460955e+01	3.244652e+01
2.343768e+01	3.242277e+01
2.226580e+01	3.232775e+01
2.109393e+01	3.223274e+01
1.992205e+01	3.223274e+01
1.875018e+01	3.223274e+01
1.757830e+01	3.225650e+01
1.640643e+01	3.228025e+01
1.523455e+01	3.228025e+01
1.406268e+01	3.230400e+01
1.289080e+01	3.232775e+01
1.171893e+01	3.230400e+01
1.054705e+01	3.235151e+01
9.375178e+00	3.223274e+01
8.203303e+00	3.223274e+01
7.031428e+00	3.223274e+01
5.859553e+00	3.225650e+01
4.687678e+00	3.218524e+01
3.515803e+00	3.230400e+01
2.343928e+00	3.228025e+01
1.172053e+00	3.225650e+01
1.778577e-04	3.228025e+01
