实验仪器为布鲁克AFM，所用模式为peak force QNM in air，扫描范围（scan size）为50nm×50nm，压电陶瓷总位移为1800nm，下压力为100nN。
AFM探针型号为RTESPA-150，所测材料为二维cof薄膜，基底为铜网，此时将铜网放置在干净的硅片上，进行测试。以下数据为随着探针下压，探针所受力的变化。
    um         	nN
1.792975e+00	2.774344e+01
1.785943e+00	1.874107e+01
1.778912e+00	2.344416e+01
1.771881e+00	2.629451e+01
1.764850e+00	2.629451e+01
1.757818e+00	2.629451e+01
1.750787e+00	2.619950e+01
1.743756e+00	2.617574e+01
1.736724e+00	2.605698e+01
1.729693e+00	2.598572e+01
1.722662e+00	2.603323e+01
1.715630e+00	2.589071e+01
1.708599e+00	2.591446e+01
1.701568e+00	2.591446e+01
1.694537e+00	2.577194e+01
1.687505e+00	2.579570e+01
1.680474e+00	2.579570e+01
1.673443e+00	2.572444e+01
1.666411e+00	2.565318e+01
1.659380e+00	2.553442e+01
1.652349e+00	2.553442e+01
1.645317e+00	2.546316e+01
1.638286e+00	2.541565e+01
1.631255e+00	2.539189e+01
1.624224e+00	2.546316e+01
1.617192e+00	2.539189e+01
1.610161e+00	2.532064e+01
1.603130e+00	2.536814e+01
1.596098e+00	2.527313e+01
1.589067e+00	2.520187e+01
1.582036e+00	2.517812e+01
1.575004e+00	2.510686e+01
1.567973e+00	2.503560e+01
1.560942e+00	2.494059e+01
1.553910e+00	2.501185e+01
1.546879e+00	2.491684e+01
1.539848e+00	2.494059e+01
1.532817e+00	2.486933e+01
1.525785e+00	2.486933e+01
1.518754e+00	2.482182e+01
1.511723e+00	2.470306e+01
1.504691e+00	2.470306e+01
1.497660e+00	2.465556e+01
1.490629e+00	2.467931e+01
1.483597e+00	2.463180e+01
1.476566e+00	2.456054e+01
1.469535e+00	2.451304e+01
1.462504e+00	2.444178e+01
1.455472e+00	2.453679e+01
1.448441e+00	2.446553e+01
1.441410e+00	2.437052e+01
1.434378e+00	2.441802e+01
1.427347e+00	2.427551e+01
1.420316e+00	2.425175e+01
1.413284e+00	2.418050e+01
1.406253e+00	2.422800e+01
1.399222e+00	2.418050e+01
1.392190e+00	2.415674e+01
1.385159e+00	2.413299e+01
1.378128e+00	2.403798e+01
1.371097e+00	2.394297e+01
1.364065e+00	2.389546e+01
1.357034e+00	2.380045e+01
1.350003e+00	2.370544e+01
1.342971e+00	2.372919e+01
1.335940e+00	2.370544e+01
1.328909e+00	2.361043e+01
1.321877e+00	2.351541e+01
1.314846e+00	2.353917e+01
1.307815e+00	2.363418e+01
1.300784e+00	2.356292e+01
1.293752e+00	2.339665e+01
1.286721e+00	2.344416e+01
1.279690e+00	2.330164e+01
1.272658e+00	2.323038e+01
1.265627e+00	2.332539e+01
1.258596e+00	2.334914e+01
1.251564e+00	2.327788e+01
1.244533e+00	2.320662e+01
1.237502e+00	2.320662e+01
1.230471e+00	2.313537e+01
1.223439e+00	2.296910e+01
1.216408e+00	2.292159e+01
1.209377e+00	2.292159e+01
1.202345e+00	2.289784e+01
1.195314e+00	2.289784e+01
1.188283e+00	2.292159e+01
1.181251e+00	2.285033e+01
1.174220e+00	2.280283e+01
1.167189e+00	2.289784e+01
1.160157e+00	2.282658e+01
1.153126e+00	2.268406e+01
1.146095e+00	2.266031e+01
1.139064e+00	2.261280e+01
1.132032e+00	2.256530e+01
1.125001e+00	2.251779e+01
1.117970e+00	2.256530e+01
1.110938e+00	2.239903e+01
1.103907e+00	2.244653e+01
1.096876e+00	2.239903e+01
1.089844e+00	2.237527e+01
1.082813e+00	2.218525e+01
1.075782e+00	2.209024e+01
1.068751e+00	2.211399e+01
1.061719e+00	2.199523e+01
1.054688e+00	2.199523e+01
1.047657e+00	2.199523e+01
1.040625e+00	2.197147e+01
1.033594e+00	2.190021e+01
1.026563e+00	2.192397e+01
1.019531e+00	2.187646e+01
1.012500e+00	2.180520e+01
1.005469e+00	2.173394e+01
9.984375e-01	2.166268e+01
9.914062e-01	2.156767e+01
9.843749e-01	2.147266e+01
9.773436e-01	2.149641e+01
9.703123e-01	2.149641e+01
9.632810e-01	2.147266e+01
9.562497e-01	2.142515e+01
9.492184e-01	2.130639e+01
9.421872e-01	2.142515e+01
9.351559e-01	2.121138e+01
9.281247e-01	2.111637e+01
9.210934e-01	2.111637e+01
9.140622e-01	2.118763e+01
9.070309e-01	2.104511e+01
8.999997e-01	2.099760e+01
8.929684e-01	2.104511e+01
8.859372e-01	2.099760e+01
8.789060e-01	2.102135e+01
8.718747e-01	2.095010e+01
8.648435e-01	2.087884e+01
8.578122e-01	2.076007e+01
8.507810e-01	2.073632e+01
8.437497e-01	2.068881e+01
8.367185e-01	2.066506e+01
8.296872e-01	2.059380e+01
8.226560e-01	2.059380e+01
8.156247e-01	2.057005e+01
8.085935e-01	2.054630e+01
8.015622e-01	2.052254e+01
7.945310e-01	2.049879e+01
7.874997e-01	2.040378e+01
7.804685e-01	2.030877e+01
7.734373e-01	2.033252e+01
7.664060e-01	2.028501e+01
7.593748e-01	2.014250e+01
7.523435e-01	2.026126e+01
7.453123e-01	2.021376e+01
7.382810e-01	2.021376e+01
7.312498e-01	2.014250e+01
7.242185e-01	2.014250e+01
7.171873e-01	2.002373e+01
7.101560e-01	1.990497e+01
7.031248e-01	1.983371e+01
6.960935e-01	1.980995e+01
6.890623e-01	1.973870e+01
6.820310e-01	1.983371e+01
6.749998e-01	1.983371e+01
6.679685e-01	1.976245e+01
6.609373e-01	1.971494e+01
6.539061e-01	1.969119e+01
6.468748e-01	1.964368e+01
6.398436e-01	1.947741e+01
6.328123e-01	1.945366e+01
6.257811e-01	1.938240e+01
6.187498e-01	1.931114e+01
6.117186e-01	1.935865e+01
6.046873e-01	1.926364e+01
5.976561e-01	1.928739e+01
5.906248e-01	1.916863e+01
5.835936e-01	1.916863e+01
5.765623e-01	1.912112e+01
5.695311e-01	1.912112e+01
5.624998e-01	1.900236e+01
5.554686e-01	1.900236e+01
5.484374e-01	1.895485e+01
5.414061e-01	1.885984e+01
5.343749e-01	1.888359e+01
5.273436e-01	1.876482e+01
5.203124e-01	1.869357e+01
5.132811e-01	1.866981e+01
5.062499e-01	1.864606e+01
4.992186e-01	1.859856e+01
4.921874e-01	1.852730e+01
4.851561e-01	1.845604e+01
4.781249e-01	1.838478e+01
4.710936e-01	1.836102e+01
4.640624e-01	1.843228e+01
4.570311e-01	1.850354e+01
4.499999e-01	1.843228e+01
4.429687e-01	1.836102e+01
4.359374e-01	1.828977e+01
4.289062e-01	1.826601e+01
4.218749e-01	1.817100e+01
4.148437e-01	1.807599e+01
4.078124e-01	1.793347e+01
4.007812e-01	1.790972e+01
3.937499e-01	1.788596e+01
3.867187e-01	1.793347e+01
3.796874e-01	1.788596e+01
3.726562e-01	1.783846e+01
3.656249e-01	1.774345e+01
3.585937e-01	1.788596e+01
3.515624e-01	1.779095e+01
3.445312e-01	1.764844e+01
3.375000e-01	1.760093e+01
3.304687e-01	1.762468e+01
3.234375e-01	1.748217e+01
3.164062e-01	1.748217e+01
3.093750e-01	1.752967e+01
3.023437e-01	1.745841e+01
2.953125e-01	1.745841e+01
2.882812e-01	1.736340e+01
2.812500e-01	1.733965e+01
2.742187e-01	1.724464e+01
2.671875e-01	1.712587e+01
2.601562e-01	1.710212e+01
2.531250e-01	1.710212e+01
2.460937e-01	1.710212e+01
2.390625e-01	1.712587e+01
2.320313e-01	1.707837e+01
2.250000e-01	1.700711e+01
2.179688e-01	1.698336e+01
2.109375e-01	1.693585e+01
2.039063e-01	1.691209e+01
1.968750e-01	1.681708e+01
1.898438e-01	1.676958e+01
1.828125e-01	1.679333e+01
1.757813e-01	1.674582e+01
1.687500e-01	1.681708e+01
1.617188e-01	1.684084e+01
1.546875e-01	1.679333e+01
1.476563e-01	1.676958e+01
1.406250e-01	1.672207e+01
1.335938e-01	1.669832e+01
1.265626e-01	1.655580e+01
1.195313e-01	1.643704e+01
1.125001e-01	1.646079e+01
1.054688e-01	1.638953e+01
9.843757e-02	1.634202e+01
9.140632e-02	1.641328e+01
8.437507e-02	1.631827e+01
7.734383e-02	1.636578e+01
7.031258e-02	1.636578e+01
6.328133e-02	1.627077e+01
5.625008e-02	1.617575e+01
4.921883e-02	1.615200e+01
4.218758e-02	1.608074e+01
3.515633e-02	1.610450e+01
2.812508e-02	1.610450e+01
2.109383e-02	1.600948e+01
1.406258e-02	1.608074e+01
7.031332e-03	1.608074e+01
8.260059e-08	1.603324e+01
