实验仪器为布鲁克AFM，所用模式为peak force QNM in air，扫描范围（scan size）为50nm×50nm，压电陶瓷总位移为4000nm，下压力为100nN。
AFM探针型号为RTESPA-150，所测材料为二维cof薄膜，基底为铜网，此时将铜网放置在干净的硅片上，进行测试。以下数据为随着探针下压，探针所受力的变化。
    um         	nN
3.984364e+00	-1.211363e+00
3.968738e+00	-1.282620e+00
3.953113e+00	-1.472638e+00
3.937488e+00	-1.591399e+00
3.921863e+00	-1.662655e+00
3.906238e+00	-1.757664e+00
3.890613e+00	-1.828921e+00
3.874988e+00	-1.876425e+00
3.859363e+00	-1.923930e+00
3.843737e+00	-2.018939e+00
3.828112e+00	-2.066443e+00
3.812487e+00	-2.161452e+00
3.796863e+00	-2.375222e+00
3.781238e+00	-2.493983e+00
3.765613e+00	-2.493983e+00
3.749988e+00	-2.565240e+00
3.734363e+00	-2.612744e+00
3.718738e+00	-2.684001e+00
3.703113e+00	-2.707753e+00
3.687488e+00	-2.779009e+00
3.671863e+00	-2.779009e+00
3.656239e+00	-2.826514e+00
3.640614e+00	-2.921523e+00
3.624989e+00	-3.040284e+00
3.609364e+00	-3.159045e+00
3.593739e+00	-3.372815e+00
3.578114e+00	-3.444072e+00
3.562489e+00	-3.467824e+00
3.546864e+00	-3.467824e+00
3.531239e+00	-3.634089e+00
3.515614e+00	-3.681594e+00
3.499990e+00	-3.729098e+00
3.484365e+00	-3.800355e+00
3.468740e+00	-3.919116e+00
3.453115e+00	-4.014125e+00
3.437490e+00	-4.014125e+00
3.421865e+00	-4.132886e+00
3.406240e+00	-4.204143e+00
3.390615e+00	-4.227895e+00
3.374990e+00	-4.299152e+00
3.359366e+00	-4.417913e+00
3.343741e+00	-4.417913e+00
3.328116e+00	-4.489169e+00
3.312491e+00	-4.702939e+00
3.296866e+00	-4.797948e+00
3.281241e+00	-4.869205e+00
3.265616e+00	-4.964213e+00
3.249991e+00	-4.987966e+00
3.234366e+00	-5.035470e+00
3.218742e+00	-5.082975e+00
3.203117e+00	-5.225488e+00
3.187492e+00	-5.272992e+00
3.171867e+00	-5.272992e+00
3.156242e+00	-5.391754e+00
3.140617e+00	-5.629276e+00
3.124992e+00	-5.795541e+00
3.109367e+00	-5.771789e+00
3.093742e+00	-5.843046e+00
3.078118e+00	-5.890550e+00
3.062493e+00	-5.890550e+00
3.046868e+00	-5.938054e+00
3.031243e+00	-6.104320e+00
3.015618e+00	-6.151824e+00
2.999993e+00	-6.175577e+00
2.984368e+00	-6.365595e+00
2.968743e+00	-6.484356e+00
2.953118e+00	-6.555612e+00
2.937493e+00	-6.650621e+00
2.921869e+00	-6.721878e+00
2.906244e+00	-6.793134e+00
2.890619e+00	-6.816887e+00
2.874994e+00	-6.911896e+00
2.859369e+00	-6.983152e+00
2.843744e+00	-7.030657e+00
2.828119e+00	-7.125665e+00
2.812494e+00	-7.363188e+00
2.796869e+00	-7.434444e+00
2.781245e+00	-7.458197e+00
2.765620e+00	-7.553205e+00
2.749995e+00	-7.671966e+00
2.734370e+00	-7.695719e+00
2.718745e+00	-7.790728e+00
2.703120e+00	-7.838232e+00
2.687495e+00	-7.838232e+00
2.671870e+00	-7.885737e+00
2.656245e+00	-8.052002e+00
2.640621e+00	-8.218268e+00
2.624996e+00	-8.242020e+00
2.609371e+00	-8.360781e+00
2.593746e+00	-8.384533e+00
2.578121e+00	-8.479542e+00
2.562496e+00	-8.550798e+00
2.546871e+00	-8.622055e+00
2.531246e+00	-8.693312e+00
2.515621e+00	-8.788321e+00
2.499997e+00	-8.835825e+00
2.484372e+00	-9.073347e+00
2.468747e+00	-9.168357e+00
2.453122e+00	-9.120852e+00
2.437497e+00	-9.287118e+00
2.421872e+00	-9.334622e+00
2.406247e+00	-9.334622e+00
2.390622e+00	-9.382126e+00
2.374997e+00	-9.429630e+00
2.359373e+00	-9.572144e+00
2.343748e+00	-9.524640e+00
2.328123e+00	-9.762162e+00
2.312498e+00	-9.809666e+00
2.296873e+00	-9.880923e+00
2.281248e+00	-9.952180e+00
2.265623e+00	-9.999684e+00
2.249998e+00	-1.004719e+01
2.234373e+00	-1.011844e+01
2.218748e+00	-1.021345e+01
2.203124e+00	-1.037972e+01
2.187499e+00	-1.042722e+01
2.171874e+00	-1.054598e+01
2.156249e+00	-1.066475e+01
2.140624e+00	-1.071225e+01
2.124999e+00	-1.080726e+01
2.109374e+00	-1.083101e+01
2.093749e+00	-1.087852e+01
2.078124e+00	-1.104478e+01
2.062500e+00	-1.109229e+01
2.046875e+00	-1.111604e+01
2.031250e+00	-1.121105e+01
2.015625e+00	-1.123480e+01
2.000000e+00	-1.135356e+01
1.984375e+00	-1.137731e+01
1.968750e+00	-1.154358e+01
1.953125e+00	-1.161483e+01
1.937500e+00	-1.168609e+01
1.921876e+00	-1.163859e+01
1.906251e+00	-1.178110e+01
1.890626e+00	-1.187611e+01
1.875001e+00	-1.182860e+01
1.859376e+00	-1.185236e+01
1.843751e+00	-1.208988e+01
1.828126e+00	-1.220864e+01
1.812500e+00	-1.223239e+01
1.796875e+00	-1.235115e+01
1.781250e+00	-1.232740e+01
1.765625e+00	-1.242241e+01
1.750000e+00	-1.249367e+01
1.734375e+00	-1.251742e+01
1.718750e+00	-1.261243e+01
1.703125e+00	-1.265993e+01
1.687500e+00	-1.265993e+01
1.671875e+00	-1.284995e+01
1.656250e+00	-1.292121e+01
1.640625e+00	-1.301622e+01
1.625000e+00	-1.303997e+01
1.609375e+00	-1.311122e+01
1.593750e+00	-1.301622e+01
1.578125e+00	-1.301622e+01
1.562500e+00	-1.306372e+01
1.546875e+00	-1.301622e+01
1.531250e+00	-1.301622e+01
1.515625e+00	-1.308747e+01
1.500000e+00	-1.313498e+01
1.484375e+00	-1.313498e+01
1.468750e+00	-1.315873e+01
1.453125e+00	-1.311122e+01
1.437500e+00	-1.303997e+01
1.421875e+00	-1.301622e+01
1.406250e+00	-1.296871e+01
1.390625e+00	-1.308747e+01
1.375000e+00	-1.301622e+01
1.359375e+00	-1.303997e+01
1.343750e+00	-1.313498e+01
1.328125e+00	-1.306372e+01
1.312500e+00	-1.308747e+01
1.296875e+00	-1.313498e+01
1.281250e+00	-1.308747e+01
1.265625e+00	-1.308747e+01
1.250000e+00	-1.313498e+01
1.234375e+00	-1.311122e+01
1.218750e+00	-1.306372e+01
1.203125e+00	-1.308747e+01
1.187500e+00	-1.306372e+01
1.171875e+00	-1.313498e+01
1.156250e+00	-1.320623e+01
1.140625e+00	-1.313498e+01
1.125000e+00	-1.315873e+01
1.109375e+00	-1.311122e+01
1.093750e+00	-1.308747e+01
1.078125e+00	-1.311122e+01
1.062500e+00	-1.313498e+01
1.046875e+00	-1.313498e+01
1.031250e+00	-1.315873e+01
1.015625e+00	-1.308747e+01
1.000000e+00	-1.313498e+01
9.843752e-01	-1.313498e+01
9.687502e-01	-1.308747e+01
9.531252e-01	-1.311122e+01
9.375002e-01	-1.306372e+01
9.218752e-01	-1.315873e+01
9.062502e-01	-1.306372e+01
8.906252e-01	-1.308747e+01
8.750002e-01	-1.303997e+01
8.593752e-01	-1.322999e+01
8.437502e-01	-1.322999e+01
8.281252e-01	-1.315873e+01
8.125002e-01	-1.320623e+01
7.968752e-01	-1.318248e+01
7.812502e-01	-1.313498e+01
7.656251e-01	-1.318248e+01
7.500001e-01	-1.315873e+01
7.343751e-01	-1.308747e+01
7.187501e-01	-1.311122e+01
7.031251e-01	-1.318248e+01
6.875001e-01	-1.327749e+01
6.718751e-01	-1.327749e+01
6.562501e-01	-1.325374e+01
6.406251e-01	-1.325374e+01
6.250001e-01	-1.325374e+01
6.093751e-01	-1.320623e+01
5.937501e-01	-1.320623e+01
5.781251e-01	-1.327749e+01
5.625001e-01	-1.320623e+01
5.468751e-01	-1.327749e+01
5.312501e-01	-1.327749e+01
5.156251e-01	-1.322999e+01
5.000001e-01	-1.332499e+01
4.843751e-01	-1.325374e+01
4.687500e-01	-1.325374e+01
4.531250e-01	-1.322999e+01
4.375000e-01	-1.320623e+01
4.218750e-01	-1.313498e+01
4.062500e-01	-1.313498e+01
3.906250e-01	-1.315873e+01
3.750000e-01	-1.320623e+01
3.593750e-01	-1.320623e+01
3.437500e-01	-1.313498e+01
3.281250e-01	-1.311122e+01
3.125000e-01	-1.311122e+01
2.968750e-01	-1.306372e+01
2.812500e-01	-1.301622e+01
2.656250e-01	-1.303997e+01
2.500000e-01	-1.299246e+01
2.343750e-01	-1.299246e+01
2.187500e-01	-1.308747e+01
2.031250e-01	-1.318248e+01
1.874999e-01	-1.311122e+01
1.718749e-01	-1.318248e+01
1.562499e-01	-1.313498e+01
1.406249e-01	-1.306372e+01
1.249999e-01	-1.306372e+01
1.093749e-01	-1.313498e+01
9.374993e-02	-1.301622e+01
7.812493e-02	-1.301622e+01
6.249994e-02	-1.301622e+01
4.687494e-02	-1.315873e+01
3.124994e-02	-1.315873e+01
1.562494e-02	-1.318248e+01
-5.684342e-08	-1.313498e+01
