实验仪器为布鲁克AFM，所用模式为peak force QNM in air，扫描范围（scan size）为50nm×50nm，压电陶瓷总位移为1000nm，下压力为100nN。
AFM探针型号为RTESPA-150，所测材料为二维cof薄膜，基底为铜网，此时将铜网放置在干净的硅片上，进行测试。以下数据为随着探针下压，探针所受力的变化。
    nm         	nN
9.960909e+02	8.002367e+01
9.921846e+02	7.973863e+01
9.882783e+02	8.083126e+01
9.843720e+02	8.156761e+01
9.804658e+02	8.320656e+01
9.765595e+02	8.282652e+01
9.726532e+02	8.394290e+01
9.687469e+02	8.427545e+01
9.648406e+02	8.434670e+01
9.609344e+02	8.399041e+01
9.570281e+02	8.484551e+01
9.531219e+02	8.482176e+01
9.492156e+02	8.446546e+01
9.453094e+02	8.515430e+01
9.414032e+02	8.591439e+01
9.374970e+02	8.579563e+01
9.335907e+02	8.553435e+01
9.296845e+02	8.603316e+01
9.257783e+02	8.615192e+01
9.218721e+02	8.629444e+01
9.179658e+02	8.638946e+01
9.140596e+02	8.743459e+01
9.101534e+02	8.646072e+01
9.062472e+02	8.657948e+01
9.023410e+02	8.736333e+01
8.984347e+02	8.676950e+01
8.945285e+02	8.686451e+01
8.906223e+02	8.726831e+01
8.867161e+02	8.705454e+01
8.828098e+02	8.798090e+01
8.789036e+02	8.686451e+01
8.749974e+02	8.700703e+01
8.710912e+02	8.743459e+01
8.671850e+02	8.643696e+01
8.632787e+02	8.748209e+01
8.593725e+02	8.584314e+01
8.554663e+02	8.610442e+01
8.515601e+02	8.541559e+01
8.476538e+02	8.572437e+01
8.437476e+02	8.615192e+01
8.398414e+02	8.562936e+01
8.359352e+02	8.636570e+01
8.320289e+02	8.513055e+01
8.281227e+02	8.482176e+01
8.242165e+02	8.515430e+01
8.203103e+02	8.420418e+01
8.164041e+02	8.406166e+01
8.124978e+02	8.368162e+01
8.085916e+02	8.308779e+01
8.046854e+02	8.349159e+01
8.007792e+02	8.251772e+01
7.968729e+02	8.301654e+01
7.929667e+02	8.294528e+01
7.890605e+02	8.149635e+01
7.851543e+02	8.232770e+01
7.812480e+02	8.175763e+01
7.773418e+02	8.204267e+01
7.734356e+02	8.171013e+01
7.695294e+02	8.097378e+01
7.656232e+02	8.056998e+01
7.617169e+02	7.999991e+01
7.578107e+02	8.083126e+01
7.539045e+02	8.066499e+01
7.499983e+02	8.018993e+01
7.460920e+02	8.016618e+01
7.421858e+02	7.976239e+01
7.382796e+02	7.995241e+01
7.343734e+02	8.066499e+01
7.304671e+02	7.931108e+01
7.265609e+02	7.909730e+01
7.226547e+02	7.831346e+01
7.187485e+02	7.847972e+01
7.148423e+02	7.836096e+01
7.109360e+02	7.807593e+01
7.070298e+02	7.760087e+01
7.031236e+02	7.676951e+01
6.992174e+02	7.717331e+01
6.953111e+02	7.712580e+01
6.914049e+02	7.560562e+01
6.874987e+02	7.612819e+01
6.835925e+02	7.482177e+01
6.796863e+02	7.475051e+01
6.757800e+02	7.418044e+01
6.718738e+02	7.401417e+01
6.679676e+02	7.422795e+01
6.640614e+02	7.342035e+01
6.601551e+02	7.320657e+01
6.562489e+02	7.415669e+01
6.523427e+02	7.342035e+01
6.484365e+02	7.220895e+01
6.445302e+02	7.282652e+01
6.406240e+02	7.282652e+01
6.367178e+02	7.228020e+01
6.328116e+02	7.242272e+01
6.289054e+02	7.266025e+01
6.249991e+02	7.152011e+01
6.210929e+02	7.154386e+01
6.171867e+02	7.201892e+01
6.132805e+02	7.095004e+01
6.093742e+02	7.109256e+01
6.054680e+02	7.087878e+01
6.015618e+02	7.035622e+01
5.976556e+02	6.959612e+01
5.937493e+02	6.942985e+01
5.898431e+02	6.983365e+01
5.859369e+02	6.895480e+01
5.820307e+02	6.833722e+01
5.781245e+02	6.885978e+01
5.742182e+02	6.850348e+01
5.703120e+02	6.695954e+01
5.664058e+02	6.655574e+01
5.624996e+02	6.733959e+01
5.585933e+02	6.767213e+01
5.546871e+02	6.665076e+01
5.507809e+02	6.714957e+01
5.468747e+02	6.660325e+01
5.429685e+02	6.624696e+01
5.390622e+02	6.579565e+01
5.351560e+02	6.574815e+01
5.312498e+02	6.501180e+01
5.273436e+02	6.406169e+01
5.234373e+02	6.451300e+01
5.195311e+02	6.429921e+01
5.156249e+02	6.377665e+01
5.117187e+02	6.368164e+01
5.078124e+02	6.365789e+01
5.039062e+02	6.201893e+01
5.000000e+02	6.273152e+01
4.960938e+02	6.282654e+01
4.921876e+02	6.277903e+01
4.882813e+02	6.178141e+01
4.843751e+02	6.185267e+01
4.804689e+02	6.225647e+01
4.765626e+02	6.244649e+01
4.726564e+02	6.209019e+01
4.687501e+02	6.232772e+01
4.648439e+02	6.301656e+01
4.609376e+02	6.161513e+01
4.570314e+02	6.261276e+01
4.531251e+02	6.209019e+01
4.492189e+02	6.313532e+01
4.453126e+02	6.294530e+01
4.414064e+02	6.249400e+01
4.375001e+02	6.287404e+01
4.335939e+02	6.154388e+01
4.296876e+02	6.280278e+01
4.257814e+02	6.275528e+01
4.218751e+02	6.251775e+01
4.179689e+02	6.095005e+01
4.140626e+02	6.152013e+01
4.101564e+02	6.149637e+01
4.062501e+02	6.121133e+01
4.023439e+02	6.161513e+01
3.984376e+02	6.114008e+01
3.945314e+02	6.123508e+01
3.906251e+02	6.047499e+01
3.867189e+02	6.109257e+01
3.828126e+02	6.106882e+01
3.789063e+02	6.166264e+01
3.750001e+02	6.171015e+01
3.710938e+02	6.149637e+01
3.671876e+02	6.147262e+01
3.632813e+02	6.102131e+01
3.593751e+02	6.085504e+01
3.554688e+02	5.978616e+01
3.515626e+02	6.009495e+01
3.476563e+02	6.026121e+01
3.437501e+02	6.052250e+01
3.398438e+02	6.078378e+01
3.359376e+02	5.995243e+01
3.320313e+02	6.090254e+01
3.281251e+02	5.997618e+01
3.242188e+02	6.018996e+01
3.203126e+02	6.083129e+01
3.164063e+02	6.064126e+01
3.125001e+02	5.988117e+01
3.085938e+02	6.102131e+01
3.046876e+02	6.178141e+01
3.007813e+02	6.178141e+01
2.968751e+02	6.087879e+01
2.929688e+02	6.076003e+01
2.890626e+02	6.142511e+01
2.851563e+02	6.095005e+01
2.812501e+02	6.080754e+01
2.773438e+02	6.092630e+01
2.734376e+02	6.109257e+01
2.695313e+02	6.061751e+01
2.656251e+02	6.154388e+01
2.617188e+02	6.199518e+01
2.578126e+02	6.166264e+01
2.539063e+02	6.147262e+01
2.500001e+02	6.287404e+01
2.460938e+02	6.197143e+01
2.421876e+02	6.220895e+01
2.382813e+02	6.204269e+01
2.343751e+02	6.230397e+01
2.304688e+02	6.118758e+01
2.265625e+02	6.173390e+01
2.226563e+02	6.154388e+01
2.187500e+02	6.102131e+01
2.148438e+02	6.078378e+01
2.109375e+02	6.083129e+01
2.070313e+02	6.140136e+01
2.031250e+02	6.097380e+01
1.992188e+02	6.066502e+01
1.953125e+02	6.149637e+01
1.914063e+02	6.064126e+01
1.875000e+02	6.087879e+01
1.835938e+02	6.085504e+01
1.796875e+02	6.061751e+01
1.757813e+02	5.976240e+01
1.718750e+02	6.133010e+01
1.679688e+02	6.178141e+01
1.640625e+02	6.180516e+01
1.601563e+02	6.218520e+01
1.562500e+02	6.273152e+01
1.523438e+02	6.294530e+01
1.484375e+02	6.349162e+01
1.445313e+02	6.380041e+01
1.406250e+02	6.365789e+01
1.367188e+02	6.358663e+01
1.328125e+02	6.382416e+01
1.289063e+02	6.387167e+01
1.250000e+02	6.448924e+01
1.210938e+02	6.418045e+01
1.171875e+02	6.520183e+01
1.132813e+02	6.501180e+01
1.093750e+02	6.515432e+01
1.054688e+02	6.510682e+01
1.015625e+02	6.560563e+01
9.765625e+01	6.551062e+01
9.375000e+01	6.584315e+01
8.984375e+01	6.548687e+01
8.593750e+01	6.596192e+01
8.203125e+01	6.560563e+01
7.812500e+01	6.570064e+01
7.421875e+01	6.574815e+01
7.031250e+01	6.534435e+01
6.640624e+01	6.489304e+01
6.249999e+01	6.560563e+01
5.859374e+01	6.498805e+01
5.468749e+01	6.439423e+01
5.078124e+01	6.270777e+01
4.687499e+01	6.389541e+01
4.296874e+01	6.372915e+01
3.906248e+01	6.296905e+01
3.515623e+01	6.441798e+01
3.124998e+01	6.351537e+01
2.734373e+01	6.361039e+01
2.343748e+01	6.375290e+01
1.953123e+01	6.382416e+01
1.562498e+01	6.315907e+01
1.171873e+01	6.270777e+01
7.812476e+00	6.337286e+01
3.906226e+00	6.308782e+01
-2.486900e-05	6.180516e+01
