实验仪器为布鲁克AFM，所用模式为peak force QNM in air，扫描范围（scan size）为50nm×50nm，压电陶瓷总位移为2000nm，下压力为100nN。
AFM探针型号为RTESPA-150，所测材料为二维cof薄膜，基底为铜网，此时将铜网放置在干净的硅片上，进行测试。以下数据为随着探针下压，探针所受力的变化。
    um         	nN
1.992182e+00	2.365793e+01
1.984369e+00	2.363418e+01
1.976557e+00	2.351541e+01
1.968744e+00	2.346791e+01
1.960932e+00	2.349166e+01
1.953119e+00	2.337290e+01
1.945306e+00	2.320662e+01
1.937494e+00	2.320662e+01
1.929681e+00	2.311161e+01
1.921869e+00	2.306411e+01
1.914056e+00	2.301660e+01
1.906244e+00	2.311161e+01
1.898431e+00	2.296910e+01
1.890619e+00	2.299285e+01
1.882806e+00	2.294534e+01
1.874994e+00	2.292159e+01
1.867181e+00	2.282658e+01
1.859369e+00	2.282658e+01
1.851557e+00	2.280283e+01
1.843744e+00	2.280283e+01
1.835932e+00	2.275532e+01
1.828119e+00	2.270781e+01
1.820307e+00	2.263655e+01
1.812494e+00	2.261280e+01
1.804682e+00	2.258905e+01
1.796869e+00	2.268406e+01
1.789057e+00	2.256530e+01
1.781245e+00	2.247029e+01
1.773432e+00	2.239903e+01
1.765620e+00	2.235152e+01
1.757807e+00	2.228026e+01
1.749995e+00	2.230401e+01
1.742182e+00	2.230401e+01
1.734370e+00	2.223275e+01
1.726557e+00	2.213774e+01
1.718745e+00	2.213774e+01
1.710933e+00	2.209024e+01
1.703120e+00	2.190021e+01
1.695308e+00	2.190021e+01
1.687495e+00	2.178145e+01
1.679683e+00	2.178145e+01
1.671870e+00	2.175770e+01
1.664058e+00	2.168644e+01
1.656245e+00	2.161518e+01
1.648433e+00	2.163893e+01
1.640621e+00	2.161518e+01
1.632808e+00	2.156767e+01
1.624996e+00	2.147266e+01
1.617183e+00	2.133014e+01
1.609371e+00	2.123513e+01
1.601558e+00	2.116387e+01
1.593746e+00	2.116387e+01
1.585933e+00	2.111637e+01
1.578121e+00	2.111637e+01
1.570309e+00	2.104511e+01
1.562496e+00	2.111637e+01
1.554684e+00	2.102135e+01
1.546871e+00	2.097385e+01
1.539059e+00	2.083133e+01
1.531246e+00	2.083133e+01
1.523434e+00	2.076007e+01
1.515621e+00	2.076007e+01
1.507809e+00	2.080758e+01
1.499997e+00	2.076007e+01
1.492184e+00	2.064131e+01
1.484372e+00	2.061755e+01
1.476559e+00	2.061755e+01
1.468747e+00	2.066506e+01
1.460934e+00	2.052254e+01
1.453122e+00	2.045128e+01
1.445309e+00	2.040378e+01
1.437497e+00	2.033252e+01
1.429685e+00	2.040378e+01
1.421872e+00	2.038002e+01
1.414060e+00	2.040378e+01
1.406247e+00	2.033252e+01
1.398435e+00	2.023751e+01
1.390622e+00	2.033252e+01
1.382810e+00	2.021376e+01
1.374997e+00	2.002373e+01
1.367185e+00	2.002373e+01
1.359373e+00	1.997623e+01
1.351560e+00	1.985746e+01
1.343748e+00	1.985746e+01
1.335935e+00	1.978620e+01
1.328123e+00	1.973870e+01
1.320310e+00	1.973870e+01
1.312498e+00	1.973870e+01
1.304685e+00	1.964368e+01
1.296873e+00	1.954867e+01
1.289060e+00	1.945366e+01
1.281248e+00	1.940615e+01
1.273436e+00	1.933490e+01
1.265623e+00	1.935865e+01
1.257811e+00	1.933490e+01
1.249998e+00	1.926364e+01
1.242186e+00	1.921613e+01
1.234373e+00	1.923988e+01
1.226561e+00	1.923988e+01
1.218748e+00	1.914487e+01
1.210936e+00	1.907361e+01
1.203124e+00	1.907361e+01
1.195311e+00	1.900236e+01
1.187499e+00	1.897860e+01
1.179686e+00	1.900236e+01
1.171874e+00	1.895485e+01
1.164061e+00	1.888359e+01
1.156249e+00	1.883608e+01
1.148436e+00	1.883608e+01
1.140624e+00	1.881233e+01
1.132812e+00	1.862231e+01
1.124999e+00	1.857480e+01
1.117187e+00	1.855105e+01
1.109374e+00	1.855105e+01
1.101562e+00	1.855105e+01
1.093749e+00	1.850354e+01
1.085937e+00	1.847979e+01
1.078124e+00	1.850354e+01
1.070312e+00	1.845604e+01
1.062500e+00	1.845604e+01
1.054687e+00	1.831352e+01
1.046875e+00	1.824226e+01
1.039062e+00	1.824226e+01
1.031250e+00	1.812350e+01
1.023437e+00	1.805224e+01
1.015625e+00	1.812350e+01
1.007812e+00	1.802849e+01
1.000000e+00	1.798098e+01
9.921876e-01	1.790972e+01
9.843751e-01	1.786221e+01
9.765627e-01	1.774345e+01
9.687502e-01	1.767219e+01
9.609378e-01	1.757718e+01
9.531253e-01	1.748217e+01
9.453128e-01	1.743466e+01
9.375003e-01	1.738715e+01
9.296878e-01	1.738715e+01
9.218753e-01	1.729214e+01
9.140628e-01	1.726839e+01
9.062502e-01	1.733965e+01
8.984377e-01	1.724464e+01
8.906252e-01	1.710212e+01
8.828127e-01	1.705461e+01
8.750002e-01	1.695960e+01
8.671877e-01	1.695960e+01
8.593752e-01	1.691209e+01
8.515627e-01	1.693585e+01
8.437502e-01	1.691209e+01
8.359377e-01	1.686459e+01
8.281252e-01	1.684084e+01
8.203127e-01	1.686459e+01
8.125002e-01	1.667457e+01
8.046877e-01	1.660331e+01
7.968752e-01	1.657955e+01
7.890627e-01	1.653205e+01
7.812502e-01	1.648454e+01
7.734377e-01	1.650830e+01
7.656252e-01	1.638953e+01
7.578127e-01	1.641328e+01
7.500002e-01	1.636578e+01
7.421877e-01	1.636578e+01
7.343752e-01	1.636578e+01
7.265627e-01	1.624701e+01
7.187502e-01	1.617575e+01
7.109377e-01	1.615200e+01
7.031252e-01	1.605699e+01
6.953127e-01	1.605699e+01
6.875002e-01	1.608074e+01
6.796877e-01	1.589072e+01
6.718752e-01	1.586697e+01
6.640627e-01	1.589072e+01
6.562502e-01	1.589072e+01
6.484377e-01	1.581946e+01
6.406252e-01	1.570069e+01
6.328127e-01	1.562944e+01
6.250002e-01	1.560568e+01
6.171877e-01	1.553443e+01
6.093751e-01	1.555818e+01
6.015626e-01	1.546317e+01
5.937501e-01	1.536815e+01
5.859376e-01	1.539191e+01
5.781251e-01	1.536815e+01
5.703126e-01	1.527314e+01
5.625001e-01	1.505937e+01
5.546876e-01	1.503561e+01
5.468751e-01	1.498811e+01
5.390626e-01	1.491685e+01
5.312501e-01	1.491685e+01
5.234376e-01	1.496436e+01
5.156251e-01	1.494060e+01
5.078126e-01	1.486934e+01
5.000001e-01	1.484559e+01
4.921876e-01	1.484559e+01
4.843751e-01	1.470307e+01
4.765626e-01	1.463181e+01
4.687501e-01	1.460806e+01
4.609376e-01	1.460806e+01
4.531251e-01	1.460806e+01
4.453126e-01	1.458431e+01
4.375001e-01	1.456055e+01
4.296876e-01	1.451305e+01
4.218751e-01	1.441804e+01
4.140626e-01	1.446554e+01
4.062501e-01	1.434678e+01
3.984376e-01	1.427552e+01
3.906251e-01	1.425177e+01
3.828126e-01	1.425177e+01
3.750001e-01	1.418051e+01
3.671876e-01	1.418051e+01
3.593751e-01	1.420426e+01
3.515626e-01	1.415675e+01
3.437501e-01	1.406174e+01
3.359376e-01	1.396673e+01
3.281251e-01	1.401424e+01
3.203126e-01	1.394298e+01
3.125000e-01	1.380046e+01
3.046875e-01	1.370545e+01
2.968750e-01	1.363419e+01
2.890625e-01	1.361044e+01
2.812500e-01	1.361044e+01
2.734375e-01	1.356293e+01
2.656250e-01	1.353918e+01
2.578125e-01	1.351542e+01
2.500000e-01	1.344417e+01
2.421875e-01	1.332540e+01
2.343750e-01	1.330165e+01
2.265625e-01	1.318288e+01
2.187500e-01	1.315913e+01
2.109375e-01	1.306412e+01
2.031250e-01	1.304037e+01
1.953125e-01	1.299286e+01
1.875000e-01	1.296911e+01
1.796875e-01	1.294535e+01
1.718750e-01	1.296911e+01
1.640625e-01	1.289785e+01
1.562500e-01	1.277908e+01
1.484375e-01	1.275533e+01
1.406250e-01	1.277908e+01
1.328125e-01	1.268407e+01
1.250000e-01	1.263657e+01
1.171875e-01	1.263657e+01
1.093750e-01	1.263657e+01
1.015625e-01	1.254155e+01
9.374997e-02	1.254155e+01
8.593747e-02	1.249405e+01
7.812497e-02	1.239904e+01
7.031247e-02	1.232778e+01
6.249996e-02	1.230402e+01
5.468747e-02	1.225652e+01
4.687497e-02	1.223277e+01
3.906247e-02	1.228027e+01
3.124997e-02	1.218526e+01
2.343747e-02	1.209025e+01
1.562497e-02	1.206650e+01
7.812470e-03	1.206650e+01
-3.019807e-08	1.190022e+01
