实验仪器为布鲁克AFM，所用模式为peak force QNM in air，扫描范围（scan size）为50nm×50nm，压电陶瓷总位移为1500nm，下压力为100nN。
AFM探针型号为RTESPA-150，所测材料为二维cof薄膜，基底为铜网，此时将铜网放置在干净的硅片上，进行测试。以下数据为随着探针下压，探针所受力的变化。
    um         	nN
1.494142e+00	5.285030e+01
1.488282e+00	5.258902e+01
1.482423e+00	5.296906e+01
1.476563e+00	5.277904e+01
1.470704e+00	5.296906e+01
1.464844e+00	5.289780e+01
1.458985e+00	5.270778e+01
1.453126e+00	5.247025e+01
1.447266e+00	5.266028e+01
1.441407e+00	5.242275e+01
1.435547e+00	5.137762e+01
1.429688e+00	5.114009e+01
1.423829e+00	5.052251e+01
1.417969e+00	5.040375e+01
1.412110e+00	5.016622e+01
1.406250e+00	5.026122e+01
1.400391e+00	4.980992e+01
1.394531e+00	4.969116e+01
1.388672e+00	4.826598e+01
1.382813e+00	4.764841e+01
1.376953e+00	4.684080e+01
1.371094e+00	4.686456e+01
1.365234e+00	4.631824e+01
1.359375e+00	4.596195e+01
1.353515e+00	4.586693e+01
1.347656e+00	4.600945e+01
1.341797e+00	4.543938e+01
1.335937e+00	4.389544e+01
1.330078e+00	4.410921e+01
1.324218e+00	4.380043e+01
1.318359e+00	4.380043e+01
1.312500e+00	4.268404e+01
1.306640e+00	4.292157e+01
1.300781e+00	4.156765e+01
1.294921e+00	4.085506e+01
1.289062e+00	4.052252e+01
1.283202e+00	3.890732e+01
1.277343e+00	3.871730e+01
1.271484e+00	3.921611e+01
1.265624e+00	3.871730e+01
1.259765e+00	3.859853e+01
1.253905e+00	3.698333e+01
1.248046e+00	3.567692e+01
1.242186e+00	3.503559e+01
1.236327e+00	3.458429e+01
1.230468e+00	3.346790e+01
1.224608e+00	3.306410e+01
1.218749e+00	3.306410e+01
1.212889e+00	3.232775e+01
1.207030e+00	3.156766e+01
1.201171e+00	3.102134e+01
1.195311e+00	3.057004e+01
1.189452e+00	3.018999e+01
1.183592e+00	2.893108e+01
1.177733e+00	2.878857e+01
1.171873e+00	2.821850e+01
1.166014e+00	2.776719e+01
1.160155e+00	2.736339e+01
1.154295e+00	2.722087e+01
1.148436e+00	2.674582e+01
1.142576e+00	2.555817e+01
1.136717e+00	2.484558e+01
1.130858e+00	2.349166e+01
1.124998e+00	2.301660e+01
1.119139e+00	2.275532e+01
1.113279e+00	2.199523e+01
1.107420e+00	2.187646e+01
1.101560e+00	2.121138e+01
1.095701e+00	2.073632e+01
1.089842e+00	2.030877e+01
1.083982e+00	1.966744e+01
1.078123e+00	2.824225e+01
1.072263e+00	2.826600e+01
1.066404e+00	2.817099e+01
1.060544e+00	2.809973e+01
1.054685e+00	2.802847e+01
1.048826e+00	2.805223e+01
1.042966e+00	2.802847e+01
1.037107e+00	2.800472e+01
1.031247e+00	2.798097e+01
1.025388e+00	2.788596e+01
1.019529e+00	2.790971e+01
1.013669e+00	2.788596e+01
1.007810e+00	2.776719e+01
1.001950e+00	2.769593e+01
9.960909e-01	2.767218e+01
9.902315e-01	2.762467e+01
9.843720e-01	2.764843e+01
9.785126e-01	2.764843e+01
9.726532e-01	2.752966e+01
9.667938e-01	2.757717e+01
9.609344e-01	2.752966e+01
9.550749e-01	2.752966e+01
9.492156e-01	2.743465e+01
9.433562e-01	2.731589e+01
9.374968e-01	2.722087e+01
9.316375e-01	2.714961e+01
9.257781e-01	2.712586e+01
9.199188e-01	2.719712e+01
9.140594e-01	2.719712e+01
9.082000e-01	2.714961e+01
9.023407e-01	2.714961e+01
8.964813e-01	2.707836e+01
8.906219e-01	2.707836e+01
8.847626e-01	2.698334e+01
8.789032e-01	2.691208e+01
8.730439e-01	2.693584e+01
8.671845e-01	2.688833e+01
8.613251e-01	2.681707e+01
8.554658e-01	2.679332e+01
8.496064e-01	2.674582e+01
8.437470e-01	2.674582e+01
8.378877e-01	2.669831e+01
8.320283e-01	2.676957e+01
8.261690e-01	2.662705e+01
8.203096e-01	2.655579e+01
8.144502e-01	2.650829e+01
8.085909e-01	2.653204e+01
8.027315e-01	2.650829e+01
7.968721e-01	2.648453e+01
7.910128e-01	2.650829e+01
7.851534e-01	2.648453e+01
7.792941e-01	2.641327e+01
7.734347e-01	2.638952e+01
7.675753e-01	2.636577e+01
7.617160e-01	2.622325e+01
7.558566e-01	2.619950e+01
7.499972e-01	2.610449e+01
7.441379e-01	2.608073e+01
7.382785e-01	2.610449e+01
7.324192e-01	2.605698e+01
7.265598e-01	2.610449e+01
7.207004e-01	2.608073e+01
7.148411e-01	2.605698e+01
7.089817e-01	2.612824e+01
7.031223e-01	2.600947e+01
6.972630e-01	2.589071e+01
6.914036e-01	2.586695e+01
6.855443e-01	2.577194e+01
6.796849e-01	2.567693e+01
6.738255e-01	2.572444e+01
6.679662e-01	2.572444e+01
6.621068e-01	2.567693e+01
6.562474e-01	2.558192e+01
6.503881e-01	2.567693e+01
6.445287e-01	2.555817e+01
6.386693e-01	2.546316e+01
6.328100e-01	2.539189e+01
6.269506e-01	2.539189e+01
6.210913e-01	2.541565e+01
6.152319e-01	2.534439e+01
6.093725e-01	2.534439e+01
6.035132e-01	2.527313e+01
5.976538e-01	2.520187e+01
5.917944e-01	2.529688e+01
5.859351e-01	2.529688e+01
5.800757e-01	2.510686e+01
5.742164e-01	2.501185e+01
5.683570e-01	2.498810e+01
5.624976e-01	2.491684e+01
5.566383e-01	2.484558e+01
5.507789e-01	2.496434e+01
5.449195e-01	2.489308e+01
5.390602e-01	2.486933e+01
5.332008e-01	2.482182e+01
5.273415e-01	2.486933e+01
5.214821e-01	2.475057e+01
5.156227e-01	2.458430e+01
5.097634e-01	2.453679e+01
5.039040e-01	2.451304e+01
4.980446e-01	2.453679e+01
4.921853e-01	2.458430e+01
4.863259e-01	2.451304e+01
4.804666e-01	2.458430e+01
4.746072e-01	2.451304e+01
4.687478e-01	2.444178e+01
4.628885e-01	2.441802e+01
4.570291e-01	2.425175e+01
4.511697e-01	2.422800e+01
4.453104e-01	2.418050e+01
4.394510e-01	2.418050e+01
4.335917e-01	2.413299e+01
4.277323e-01	2.408548e+01
4.218729e-01	2.410924e+01
4.160136e-01	2.410924e+01
4.101542e-01	2.403798e+01
4.042948e-01	2.403798e+01
3.984355e-01	2.401423e+01
3.925761e-01	2.380045e+01
3.867167e-01	2.380045e+01
3.808574e-01	2.375294e+01
3.749980e-01	2.368168e+01
3.691387e-01	2.377670e+01
3.632793e-01	2.368168e+01
3.574199e-01	2.370544e+01
3.515606e-01	2.372919e+01
3.457012e-01	2.368168e+01
3.398418e-01	2.363418e+01
3.339825e-01	2.351541e+01
3.281231e-01	2.346791e+01
3.222638e-01	2.339665e+01
3.164044e-01	2.327788e+01
3.105450e-01	2.327788e+01
3.046857e-01	2.330164e+01
2.988263e-01	2.327788e+01
2.929669e-01	2.315912e+01
2.871076e-01	2.318287e+01
2.812482e-01	2.330164e+01
2.753889e-01	2.313537e+01
2.695295e-01	2.311161e+01
2.636701e-01	2.313537e+01
2.578108e-01	2.306411e+01
2.519514e-01	2.308786e+01
2.460920e-01	2.306411e+01
2.402327e-01	2.299285e+01
2.343733e-01	2.296910e+01
2.285139e-01	2.296910e+01
2.226545e-01	2.287408e+01
2.167952e-01	2.292159e+01
2.109358e-01	2.280283e+01
2.050764e-01	2.273157e+01
1.992170e-01	2.261280e+01
1.933577e-01	2.258905e+01
1.874983e-01	2.258905e+01
1.816389e-01	2.254154e+01
1.757795e-01	2.258905e+01
1.699202e-01	2.251779e+01
1.640608e-01	2.249404e+01
1.582014e-01	2.247029e+01
1.523420e-01	2.239903e+01
1.464826e-01	2.232777e+01
1.406233e-01	2.230401e+01
1.347639e-01	2.230401e+01
1.289045e-01	2.228026e+01
1.230451e-01	2.220900e+01
1.171858e-01	2.218525e+01
1.113264e-01	2.223275e+01
1.054670e-01	2.209024e+01
9.960763e-02	2.201898e+01
9.374826e-02	2.192397e+01
8.788888e-02	2.190021e+01
8.202950e-02	2.182896e+01
7.617012e-02	2.173394e+01
7.031075e-02	2.175770e+01
6.445137e-02	2.175770e+01
5.859200e-02	2.180520e+01
5.273262e-02	2.173394e+01
4.687325e-02	2.166268e+01
4.101388e-02	2.171019e+01
3.515450e-02	2.166268e+01
2.929513e-02	2.152017e+01
2.343575e-02	2.147266e+01
1.757638e-02	2.142515e+01
1.171700e-02	2.137765e+01
5.857628e-03	2.135390e+01
-1.747047e-06	2.135390e+01
