实验仪器为布鲁克AFM，所用模式为peak force QNM in air，扫描范围（scan size）为50nm×50nm，压电陶瓷总位移为300nm，下压力为100nN。
AFM探针型号为RTESPA-150，所测材料为二维cof薄膜，基底为铜网，此时将铜网放置在干净的硅片上，进行测试。以下数据为随着探针下压，探针所受力的变化。
    nm         	nN
2.988282e+02	4.275530e+01
2.976563e+02	4.116385e+01
2.964844e+02	3.980993e+01
2.953125e+02	3.793345e+01
2.941406e+02	3.589070e+01
2.929688e+02	3.391920e+01
2.917969e+02	3.244652e+01
2.906250e+02	3.026125e+01
2.894531e+02	2.819474e+01
2.882812e+02	2.655579e+01
2.871093e+02	2.418050e+01
2.859375e+02	3.109260e+01
2.847656e+02	3.299284e+01
2.835937e+02	3.299284e+01
2.824218e+02	3.304034e+01
2.812499e+02	3.311160e+01
2.800780e+02	3.311160e+01
2.789062e+02	3.311160e+01
2.777343e+02	3.313536e+01
2.765624e+02	3.320661e+01
2.753905e+02	3.320661e+01
2.742186e+02	3.320661e+01
2.730467e+02	3.320661e+01
2.718749e+02	3.327787e+01
2.707030e+02	3.342039e+01
2.695311e+02	3.334913e+01
2.683592e+02	3.332538e+01
2.671873e+02	3.330162e+01
2.660154e+02	3.332538e+01
2.648435e+02	3.334913e+01
2.636717e+02	3.327787e+01
2.624998e+02	3.337288e+01
2.613279e+02	3.332538e+01
2.601560e+02	3.337288e+01
2.589841e+02	3.334913e+01
2.578122e+02	3.344415e+01
2.566404e+02	3.330162e+01
2.554685e+02	3.327787e+01
2.542966e+02	3.339664e+01
2.531247e+02	3.339664e+01
2.519528e+02	3.334913e+01
2.507809e+02	3.323037e+01
2.496091e+02	3.334913e+01
2.484372e+02	3.332538e+01
2.472653e+02	3.334913e+01
2.460934e+02	3.334913e+01
2.449215e+02	3.337288e+01
2.437496e+02	3.337288e+01
2.425778e+02	3.337288e+01
2.414059e+02	3.339664e+01
2.402340e+02	3.337288e+01
2.390621e+02	3.323037e+01
2.378902e+02	3.318286e+01
2.367184e+02	3.320661e+01
2.355465e+02	3.323037e+01
2.343746e+02	3.323037e+01
2.332028e+02	3.325412e+01
2.320309e+02	3.325412e+01
2.308590e+02	3.327787e+01
2.296871e+02	3.325412e+01
2.285153e+02	3.330162e+01
2.273434e+02	3.318286e+01
2.261715e+02	3.315911e+01
2.249997e+02	3.313536e+01
2.238278e+02	3.315911e+01
2.226559e+02	3.313536e+01
2.214841e+02	3.320661e+01
2.203122e+02	3.323037e+01
2.191403e+02	3.325412e+01
2.179684e+02	3.315911e+01
2.167966e+02	3.325412e+01
2.156247e+02	3.325412e+01
2.144528e+02	3.315911e+01
2.132810e+02	3.315911e+01
2.121091e+02	3.311160e+01
2.109372e+02	3.308785e+01
2.097654e+02	3.311160e+01
2.085935e+02	3.311160e+01
2.074216e+02	3.315911e+01
2.062498e+02	3.311160e+01
2.050779e+02	3.318286e+01
2.039060e+02	3.315911e+01
2.027341e+02	3.306410e+01
2.015623e+02	3.294533e+01
2.003904e+02	3.294533e+01
1.992185e+02	3.296908e+01
1.980467e+02	3.292158e+01
1.968748e+02	3.289783e+01
1.957029e+02	3.289783e+01
1.945311e+02	3.289783e+01
1.933592e+02	3.289783e+01
1.921873e+02	3.287407e+01
1.910154e+02	3.282657e+01
1.898436e+02	3.275531e+01
1.886717e+02	3.282657e+01
1.874998e+02	3.280281e+01
1.863280e+02	3.285032e+01
1.851561e+02	3.287407e+01
1.839842e+02	3.294533e+01
1.828124e+02	3.289783e+01
1.816405e+02	3.285032e+01
1.804686e+02	3.294533e+01
1.792967e+02	3.285032e+01
1.781249e+02	3.282657e+01
1.769530e+02	3.277906e+01
1.757811e+02	3.273155e+01
1.746093e+02	3.282657e+01
1.734374e+02	3.280281e+01
1.722655e+02	3.285032e+01
1.710937e+02	3.285032e+01
1.699218e+02	3.282657e+01
1.687499e+02	3.285032e+01
1.675781e+02	3.280281e+01
1.664062e+02	3.273155e+01
1.652343e+02	3.261279e+01
1.640624e+02	3.268405e+01
1.628906e+02	3.261279e+01
1.617187e+02	3.261279e+01
1.605468e+02	3.261279e+01
1.593750e+02	3.266030e+01
1.582031e+02	3.268405e+01
1.570312e+02	3.263655e+01
1.558594e+02	3.268405e+01
1.546875e+02	3.263655e+01
1.535156e+02	3.256529e+01
1.523437e+02	3.256529e+01
1.511719e+02	3.266030e+01
1.500000e+02	3.258904e+01
1.488281e+02	3.258904e+01
1.476563e+02	3.270780e+01
1.464844e+02	3.270780e+01
1.453125e+02	3.270780e+01
1.441407e+02	3.266030e+01
1.429688e+02	3.263655e+01
1.417969e+02	3.254153e+01
1.406250e+02	3.251778e+01
1.394532e+02	3.244652e+01
1.382813e+02	3.247028e+01
1.371094e+02	3.251778e+01
1.359376e+02	3.249403e+01
1.347657e+02	3.254153e+01
1.335938e+02	3.247028e+01
1.324220e+02	3.258904e+01
1.312501e+02	3.266030e+01
1.300782e+02	3.256529e+01
1.289064e+02	3.242277e+01
1.277345e+02	3.239902e+01
1.265626e+02	3.235151e+01
1.253907e+02	3.244652e+01
1.242189e+02	3.247028e+01
1.230470e+02	3.254153e+01
1.218751e+02	3.249403e+01
1.207033e+02	3.242277e+01
1.195314e+02	3.254153e+01
1.183595e+02	3.254153e+01
1.171876e+02	3.242277e+01
1.160158e+02	3.237526e+01
1.148439e+02	3.239902e+01
1.136720e+02	3.239902e+01
1.125001e+02	3.239902e+01
1.113283e+02	3.244652e+01
1.101564e+02	3.247028e+01
1.089845e+02	3.244652e+01
1.078126e+02	3.247028e+01
1.066407e+02	3.254153e+01
1.054689e+02	3.247028e+01
1.042970e+02	3.237526e+01
1.031251e+02	3.235151e+01
1.019532e+02	3.232775e+01
1.007814e+02	3.235151e+01
9.960949e+01	3.235151e+01
9.843761e+01	3.235151e+01
9.726573e+01	3.239902e+01
9.609386e+01	3.235151e+01
9.492198e+01	3.237526e+01
9.375010e+01	3.237526e+01
9.257823e+01	3.235151e+01
9.140635e+01	3.232775e+01
9.023447e+01	3.230400e+01
8.906260e+01	3.230400e+01
8.789072e+01	3.235151e+01
8.671884e+01	3.230400e+01
8.554697e+01	3.230400e+01
8.437509e+01	3.235151e+01
8.320321e+01	3.239902e+01
8.203133e+01	3.235151e+01
8.085946e+01	3.228025e+01
7.968758e+01	3.223274e+01
7.851570e+01	3.225650e+01
7.734383e+01	3.213773e+01
7.617195e+01	3.213773e+01
7.500007e+01	3.223274e+01
7.382820e+01	3.230400e+01
7.265632e+01	3.225650e+01
7.148444e+01	3.225650e+01
7.031257e+01	3.232775e+01
6.914069e+01	3.228025e+01
6.796881e+01	3.218524e+01
6.679694e+01	3.218524e+01
6.562506e+01	3.211398e+01
6.445318e+01	3.209023e+01
6.328131e+01	3.218524e+01
6.210943e+01	3.228025e+01
6.093755e+01	3.218524e+01
5.976568e+01	3.213773e+01
5.859380e+01	3.216148e+01
5.742193e+01	3.220899e+01
5.625006e+01	3.213773e+01
5.507818e+01	3.206647e+01
5.390631e+01	3.204272e+01
5.273444e+01	3.204272e+01
5.156256e+01	3.206647e+01
5.039069e+01	3.206647e+01
4.921882e+01	3.206647e+01
4.804694e+01	3.201897e+01
4.687507e+01	3.201897e+01
4.570320e+01	3.209023e+01
4.453132e+01	3.204272e+01
4.335945e+01	3.192396e+01
4.218758e+01	3.192396e+01
4.101570e+01	3.199521e+01
3.984383e+01	3.194771e+01
3.867196e+01	3.197146e+01
3.750008e+01	3.201897e+01
3.632821e+01	3.201897e+01
3.515634e+01	3.201897e+01
3.398446e+01	3.201897e+01
3.281259e+01	3.206647e+01
3.164072e+01	3.187645e+01
3.046884e+01	3.185270e+01
2.929697e+01	3.197146e+01
2.812509e+01	3.185270e+01
2.695322e+01	3.182894e+01
2.578134e+01	3.187645e+01
2.460947e+01	3.194771e+01
2.343759e+01	3.182894e+01
2.226572e+01	3.185270e+01
2.109384e+01	3.190020e+01
1.992197e+01	3.185270e+01
1.875009e+01	3.185270e+01
1.757822e+01	3.187645e+01
1.640634e+01	3.190020e+01
1.523447e+01	3.182894e+01
1.406259e+01	3.185270e+01
1.289072e+01	3.190020e+01
1.171884e+01	3.182894e+01
1.054697e+01	3.192396e+01
9.375093e+00	3.194771e+01
8.203218e+00	3.194771e+01
7.031343e+00	3.185270e+01
5.859468e+00	3.182894e+01
4.687593e+00	3.178144e+01
3.515717e+00	3.178144e+01
2.343842e+00	3.182894e+01
1.171968e+00	3.190020e+01
9.259260e-05	3.192396e+01
