实验仪器为布鲁克AFM，所用模式为peak force QNM in air，扫描范围（scan size）为50nm×50nm，压电陶瓷总位移为1500nm，下压力为10nN。
AFM探针型号为RTESPA-150，所测材料为二维cof薄膜，基底为带小孔的氮化硅，此时将薄膜悬浮在小孔上，进行测试。以下数据为随着探针下压，探针所受力的变化。
    um         	nN
1.497077e+00	3.270744e+01
1.494148e+00	2.320816e+01
1.491218e+00	8.862306e+00
1.488288e+00	-8.695872e+00
1.485359e+00	-2.713998e+01
1.482429e+00	-4.627644e+01
1.479499e+00	-6.505287e+01
1.476569e+00	-8.377393e+01
1.473640e+00	-8.568480e+01
1.470710e+00	1.273956e+01
1.467780e+00	1.285034e+01
1.464851e+00	1.282265e+01
1.461921e+00	1.273956e+01
1.458991e+00	1.285034e+01
1.456061e+00	1.293343e+01
1.453132e+00	1.301651e+01
1.450202e+00	1.293343e+01
1.447272e+00	1.293343e+01
1.444343e+00	1.293343e+01
1.441413e+00	1.293343e+01
1.438483e+00	1.287804e+01
1.435553e+00	1.293343e+01
1.432624e+00	1.296112e+01
1.429694e+00	1.293343e+01
1.426764e+00	1.304421e+01
1.423835e+00	1.296112e+01
1.420905e+00	1.290573e+01
1.417975e+00	1.279495e+01
1.415046e+00	1.282265e+01
1.412116e+00	1.279495e+01
1.409186e+00	1.285034e+01
1.406256e+00	1.279495e+01
1.403327e+00	1.276726e+01
1.400397e+00	1.273956e+01
1.397467e+00	1.276726e+01
1.394538e+00	1.276726e+01
1.391608e+00	1.273956e+01
1.388678e+00	1.282265e+01
1.385748e+00	1.282265e+01
1.382819e+00	1.279495e+01
1.379889e+00	1.271187e+01
1.376959e+00	1.285034e+01
1.374030e+00	1.276726e+01
1.371100e+00	1.290573e+01
1.368170e+00	1.290573e+01
1.365240e+00	1.290573e+01
1.362311e+00	1.268417e+01
1.359381e+00	1.273956e+01
1.356451e+00	1.268417e+01
1.353522e+00	1.268417e+01
1.350592e+00	1.271187e+01
1.347662e+00	1.273956e+01
1.344732e+00	1.271187e+01
1.341803e+00	1.268417e+01
1.338873e+00	1.260109e+01
1.335943e+00	1.273956e+01
1.333014e+00	1.271187e+01
1.330084e+00	1.279495e+01
1.327154e+00	1.279495e+01
1.324225e+00	1.279495e+01
1.321295e+00	1.276726e+01
1.318365e+00	1.285034e+01
1.315435e+00	1.282265e+01
1.312506e+00	1.287804e+01
1.309576e+00	1.290573e+01
1.306646e+00	1.285034e+01
1.303717e+00	1.276726e+01
1.300787e+00	1.260109e+01
1.297857e+00	1.265648e+01
1.294927e+00	1.257340e+01
1.291998e+00	1.265648e+01
1.289068e+00	1.262879e+01
1.286138e+00	1.260109e+01
1.283209e+00	1.260109e+01
1.280279e+00	1.260109e+01
1.277349e+00	1.262879e+01
1.274419e+00	1.268417e+01
1.271490e+00	1.271187e+01
1.268560e+00	1.279495e+01
1.265630e+00	1.271187e+01
1.262701e+00	1.271187e+01
1.259771e+00	1.271187e+01
1.256841e+00	1.282265e+01
1.253911e+00	1.276726e+01
1.250982e+00	1.265648e+01
1.248052e+00	1.271187e+01
1.245122e+00	1.273956e+01
1.242193e+00	1.271187e+01
1.239263e+00	1.257340e+01
1.236333e+00	1.257340e+01
1.233404e+00	1.251801e+01
1.230474e+00	1.254570e+01
1.227544e+00	1.257340e+01
1.224614e+00	1.249031e+01
1.221685e+00	1.254570e+01
1.218755e+00	1.249031e+01
1.215825e+00	1.265648e+01
1.212896e+00	1.260109e+01
1.209966e+00	1.271187e+01
1.207036e+00	1.262879e+01
1.204106e+00	1.265648e+01
1.201177e+00	1.260109e+01
1.198247e+00	1.262879e+01
1.195317e+00	1.265648e+01
1.192388e+00	1.262879e+01
1.189458e+00	1.265648e+01
1.186528e+00	1.262879e+01
1.183598e+00	1.271187e+01
1.180669e+00	1.265648e+01
1.177739e+00	1.260109e+01
1.174809e+00	1.249031e+01
1.171880e+00	1.254570e+01
1.168950e+00	1.249031e+01
1.166020e+00	1.265648e+01
1.163090e+00	1.251801e+01
1.160161e+00	1.257340e+01
1.157231e+00	1.254570e+01
1.154301e+00	1.260109e+01
1.151372e+00	1.260109e+01
1.148442e+00	1.260109e+01
1.145512e+00	1.260109e+01
1.142583e+00	1.262879e+01
1.139653e+00	1.260109e+01
1.136723e+00	1.265648e+01
1.133793e+00	1.257340e+01
1.130864e+00	1.265648e+01
1.127934e+00	1.265648e+01
1.125004e+00	1.262879e+01
1.122075e+00	1.260109e+01
1.119145e+00	1.254570e+01
1.116215e+00	1.251801e+01
1.113285e+00	1.251801e+01
1.110356e+00	1.246262e+01
1.107426e+00	1.251801e+01
1.104496e+00	1.257340e+01
1.101567e+00	1.254570e+01
1.098637e+00	1.251801e+01
1.095707e+00	1.251801e+01
1.092777e+00	1.246262e+01
1.089848e+00	1.254570e+01
1.086918e+00	1.257340e+01
1.083988e+00	1.262879e+01
1.081059e+00	1.260109e+01
1.078129e+00	1.257340e+01
1.075199e+00	1.262879e+01
1.072269e+00	1.260109e+01
1.069340e+00	1.260109e+01
1.066410e+00	1.262879e+01
1.063480e+00	1.254570e+01
1.060551e+00	1.262879e+01
1.057621e+00	1.251801e+01
1.054691e+00	1.246262e+01
1.051762e+00	1.243492e+01
1.048832e+00	1.235184e+01
1.045902e+00	1.240723e+01
1.042972e+00	1.237953e+01
1.040043e+00	1.243492e+01
1.037113e+00	1.237953e+01
1.034183e+00	1.237953e+01
1.031254e+00	1.237953e+01
1.028324e+00	1.232414e+01
1.025394e+00	1.243492e+01
1.022464e+00	1.251801e+01
1.019535e+00	1.246262e+01
1.016605e+00	1.237953e+01
1.013675e+00	1.240723e+01
1.010746e+00	1.235184e+01
1.007816e+00	1.246262e+01
1.004886e+00	1.246262e+01
1.001956e+00	1.251801e+01
9.990267e-01	1.240723e+01
9.960970e-01	1.226875e+01
9.931673e-01	1.235184e+01
9.902376e-01	1.232414e+01
9.873079e-01	1.226875e+01
9.843782e-01	1.232414e+01
9.814485e-01	1.229645e+01
9.785188e-01	1.232414e+01
9.755890e-01	1.232414e+01
9.726593e-01	1.226875e+01
9.697296e-01	1.232414e+01
9.667999e-01	1.226875e+01
9.638702e-01	1.240723e+01
9.609405e-01	1.224106e+01
9.580108e-01	1.224106e+01
9.550811e-01	1.224106e+01
9.521514e-01	1.221336e+01
9.492217e-01	1.221336e+01
9.462919e-01	1.224106e+01
9.433622e-01	1.232414e+01
9.404325e-01	1.229645e+01
9.375028e-01	1.226875e+01
9.345731e-01	1.224106e+01
9.316434e-01	1.221336e+01
9.287137e-01	1.215798e+01
9.257840e-01	1.213028e+01
9.228543e-01	1.215798e+01
9.199246e-01	1.221336e+01
9.169948e-01	1.210259e+01
9.140651e-01	1.204720e+01
9.111354e-01	1.221336e+01
9.082057e-01	1.224106e+01
9.052760e-01	1.215798e+01
9.023463e-01	1.221336e+01
8.994166e-01	1.207489e+01
8.964869e-01	1.218567e+01
8.935572e-01	1.232414e+01
8.906275e-01	1.224106e+01
8.876978e-01	1.224106e+01
8.847680e-01	1.229645e+01
8.818383e-01	1.226875e+01
8.789086e-01	1.229645e+01
8.759789e-01	1.224106e+01
8.730492e-01	1.221336e+01
8.701195e-01	1.213028e+01
8.671898e-01	1.210259e+01
8.642601e-01	1.210259e+01
8.613304e-01	1.215798e+01
8.584007e-01	1.215798e+01
8.554709e-01	1.218567e+01
8.525412e-01	1.213028e+01
8.496115e-01	1.221336e+01
8.466818e-01	1.224106e+01
8.437521e-01	1.229645e+01
8.408224e-01	1.229645e+01
8.378927e-01	1.232414e+01
8.349630e-01	1.224106e+01
8.320333e-01	1.218567e+01
8.291036e-01	1.218567e+01
8.261738e-01	1.226875e+01
8.232441e-01	1.226875e+01
8.203144e-01	1.229645e+01
8.173847e-01	1.224106e+01
8.144550e-01	1.218567e+01
8.115253e-01	1.224106e+01
8.085956e-01	1.218567e+01
8.056659e-01	1.215798e+01
8.027362e-01	1.218567e+01
7.998065e-01	1.213028e+01
7.968767e-01	1.213028e+01
7.939470e-01	1.210259e+01
7.910173e-01	1.215798e+01
7.880876e-01	1.215798e+01
7.851579e-01	1.221336e+01
7.822282e-01	1.224106e+01
7.792985e-01	1.226875e+01
7.763688e-01	1.232414e+01
7.734391e-01	1.224106e+01
7.705094e-01	1.224106e+01
7.675796e-01	1.218567e+01
7.646499e-01	1.232414e+01
7.617202e-01	1.237953e+01
7.587905e-01	1.232414e+01
7.558608e-01	1.243492e+01
7.529311e-01	1.235184e+01
7.500014e-01	1.226875e+01
7.470717e-01	1.213028e+01
7.441420e-01	1.224106e+01
7.412123e-01	1.232414e+01
7.382826e-01	1.224106e+01
7.353528e-01	1.218567e+01
7.324231e-01	1.221336e+01
7.294934e-01	1.218567e+01
7.265637e-01	1.213028e+01
7.236340e-01	1.218567e+01
7.207043e-01	1.218567e+01
7.177746e-01	1.224106e+01
7.148449e-01	1.210259e+01
7.119152e-01	1.218567e+01
7.089855e-01	1.224106e+01
7.060557e-01	1.221336e+01
7.031260e-01	1.224106e+01
7.001963e-01	1.207489e+01
6.972666e-01	1.224106e+01
6.943369e-01	1.213028e+01
6.914072e-01	1.207489e+01
6.884775e-01	1.196411e+01
6.855478e-01	1.199181e+01
6.826181e-01	1.196411e+01
6.796884e-01	1.199181e+01
6.767586e-01	1.207489e+01
6.738289e-01	1.193642e+01
6.708992e-01	1.193642e+01
6.679695e-01	1.193642e+01
6.650398e-01	1.196411e+01
6.621101e-01	1.193642e+01
6.591804e-01	1.199181e+01
6.562507e-01	1.199181e+01
6.533210e-01	1.196411e+01
6.503913e-01	1.210259e+01
6.474615e-01	1.199181e+01
6.445318e-01	1.201950e+01
6.416021e-01	1.204720e+01
6.386724e-01	1.207489e+01
6.357427e-01	1.207489e+01
6.328130e-01	1.207489e+01
6.298833e-01	1.193642e+01
6.269536e-01	1.188103e+01
6.240239e-01	1.179794e+01
6.210942e-01	1.179794e+01
6.181644e-01	1.179794e+01
6.152347e-01	1.182564e+01
6.123050e-01	1.177025e+01
6.093753e-01	1.177025e+01
6.064456e-01	1.177025e+01
6.035159e-01	1.177025e+01
6.005862e-01	1.177025e+01
5.976565e-01	1.171486e+01
5.947268e-01	1.171486e+01
5.917971e-01	1.171486e+01
5.888674e-01	1.177025e+01
5.859376e-01	1.179794e+01
5.830079e-01	1.179794e+01
5.800782e-01	1.190872e+01
5.771485e-01	1.193642e+01
5.742188e-01	1.190872e+01
5.712891e-01	1.177025e+01
5.683594e-01	1.179794e+01
5.654297e-01	1.179794e+01
5.625000e-01	1.179794e+01
5.595703e-01	1.179794e+01
5.566405e-01	1.177025e+01
5.537108e-01	1.171486e+01
5.507811e-01	1.165947e+01
5.478514e-01	1.171486e+01
5.449217e-01	1.174255e+01
5.419920e-01	1.185333e+01
5.390623e-01	1.179794e+01
5.361326e-01	1.177025e+01
5.332029e-01	1.174255e+01
5.302732e-01	1.168717e+01
5.273434e-01	1.177025e+01
5.244137e-01	1.179794e+01
5.214840e-01	1.179794e+01
5.185543e-01	1.177025e+01
5.156246e-01	1.168717e+01
5.126949e-01	1.179794e+01
5.097652e-01	1.177025e+01
5.068355e-01	1.157639e+01
5.039058e-01	1.157639e+01
5.009761e-01	1.160408e+01
4.980463e-01	1.160408e+01
4.951166e-01	1.171486e+01
4.921869e-01	1.168717e+01
4.892572e-01	1.168717e+01
4.863275e-01	1.165947e+01
4.833978e-01	1.171486e+01
4.804681e-01	1.163178e+01
4.775384e-01	1.177025e+01
4.746087e-01	1.171486e+01
4.716790e-01	1.177025e+01
4.687493e-01	1.168717e+01
4.658197e-01	1.168717e+01
4.628900e-01	1.168717e+01
4.599603e-01	1.179794e+01
4.570306e-01	1.188103e+01
4.541009e-01	1.179794e+01
4.511712e-01	1.190872e+01
4.482416e-01	1.171486e+01
4.453119e-01	1.168717e+01
4.423822e-01	1.163178e+01
4.394525e-01	1.163178e+01
4.365228e-01	1.163178e+01
4.335932e-01	1.154869e+01
4.306635e-01	1.163178e+01
4.277338e-01	1.171486e+01
4.248041e-01	1.165947e+01
4.218744e-01	1.168717e+01
4.189448e-01	1.168717e+01
4.160151e-01	1.171486e+01
4.130854e-01	1.163178e+01
4.101557e-01	1.174255e+01
4.072260e-01	1.168717e+01
4.042963e-01	1.171486e+01
4.013667e-01	1.171486e+01
3.984370e-01	1.171486e+01
3.955073e-01	1.182564e+01
3.925776e-01	1.174255e+01
3.896479e-01	1.182564e+01
3.867183e-01	1.177025e+01
3.837886e-01	1.154869e+01
3.808589e-01	1.152100e+01
3.779292e-01	1.143791e+01
3.749995e-01	1.152100e+01
3.720698e-01	1.163178e+01
3.691402e-01	1.143791e+01
3.662105e-01	1.146561e+01
3.632808e-01	1.149330e+01
3.603511e-01	1.152100e+01
3.574214e-01	1.163178e+01
3.544918e-01	1.160408e+01
3.515621e-01	1.168717e+01
3.486324e-01	1.165947e+01
3.457027e-01	1.154869e+01
3.427730e-01	1.152100e+01
3.398434e-01	1.146561e+01
3.369137e-01	1.143791e+01
3.339840e-01	1.141022e+01
3.310543e-01	1.149330e+01
3.281246e-01	1.149330e+01
3.251949e-01	1.152100e+01
3.222653e-01	1.143791e+01
3.193356e-01	1.138252e+01
3.164059e-01	1.138252e+01
3.134762e-01	1.141022e+01
3.105465e-01	1.141022e+01
3.076169e-01	1.132713e+01
3.046872e-01	1.129944e+01
3.017575e-01	1.132713e+01
2.988278e-01	1.132713e+01
2.958981e-01	1.146561e+01
2.929685e-01	1.149330e+01
2.900388e-01	1.146561e+01
2.871091e-01	1.146561e+01
2.841794e-01	1.132713e+01
2.812497e-01	1.143791e+01
2.783200e-01	1.138252e+01
2.753904e-01	1.143791e+01
2.724607e-01	1.141022e+01
2.695310e-01	1.143791e+01
2.666013e-01	1.149330e+01
2.636716e-01	1.132713e+01
2.607420e-01	1.127174e+01
2.578123e-01	1.129944e+01
2.548826e-01	1.129944e+01
2.519529e-01	1.116097e+01
2.490232e-01	1.129944e+01
2.460935e-01	1.127174e+01
2.431639e-01	1.129944e+01
2.402342e-01	1.124405e+01
2.373045e-01	1.138252e+01
2.343748e-01	1.129944e+01
2.314451e-01	1.138252e+01
2.285155e-01	1.143791e+01
2.255858e-01	1.135483e+01
2.226561e-01	1.138252e+01
2.197264e-01	1.135483e+01
2.167967e-01	1.141022e+01
2.138671e-01	1.141022e+01
2.109374e-01	1.143791e+01
2.080077e-01	1.143791e+01
2.050780e-01	1.135483e+01
2.021483e-01	1.129944e+01
1.992186e-01	1.129944e+01
1.962890e-01	1.129944e+01
1.933593e-01	1.129944e+01
1.904296e-01	1.127174e+01
1.874999e-01	1.129944e+01
1.845702e-01	1.132713e+01
1.816406e-01	1.129944e+01
1.787109e-01	1.118866e+01
1.757812e-01	1.129944e+01
1.728515e-01	1.129944e+01
1.699218e-01	1.135483e+01
1.669922e-01	1.138252e+01
1.640625e-01	1.129944e+01
1.611328e-01	1.127174e+01
1.582031e-01	1.129944e+01
1.552734e-01	1.132713e+01
1.523437e-01	1.149330e+01
1.494141e-01	1.149330e+01
1.464844e-01	1.138252e+01
1.435547e-01	1.141022e+01
1.406250e-01	1.127174e+01
1.376953e-01	1.116097e+01
1.347657e-01	1.110558e+01
1.318360e-01	1.127174e+01
1.289063e-01	1.127174e+01
1.259766e-01	1.121635e+01
1.230469e-01	1.121635e+01
1.201172e-01	1.124405e+01
1.171876e-01	1.129944e+01
1.142579e-01	1.127174e+01
1.113282e-01	1.127174e+01
1.083985e-01	1.138252e+01
1.054688e-01	1.127174e+01
1.025391e-01	1.132713e+01
9.960943e-02	1.132713e+01
9.667974e-02	1.129944e+01
9.375005e-02	1.132713e+01
9.082036e-02	1.129944e+01
8.789068e-02	1.138252e+01
8.496099e-02	1.129944e+01
8.203130e-02	1.124405e+01
7.910161e-02	1.116097e+01
7.617192e-02	1.116097e+01
7.324223e-02	1.118866e+01
7.031255e-02	1.116097e+01
6.738286e-02	1.116097e+01
6.445317e-02	1.113327e+01
6.152348e-02	1.116097e+01
5.859379e-02	1.110558e+01
5.566410e-02	1.105019e+01
5.273441e-02	1.121635e+01
4.980473e-02	1.121635e+01
4.687504e-02	1.129944e+01
4.394535e-02	1.118866e+01
4.101566e-02	1.124405e+01
3.808597e-02	1.121635e+01
3.515628e-02	1.124405e+01
3.222659e-02	1.121635e+01
2.929691e-02	1.132713e+01
2.636722e-02	1.132713e+01
2.343753e-02	1.127174e+01
2.050785e-02	1.127174e+01
1.757816e-02	1.110558e+01
1.464847e-02	1.105019e+01
1.171879e-02	1.110558e+01
8.789098e-03	1.110558e+01
5.859411e-03	1.121635e+01
2.929723e-03	1.105019e+01
3.597123e-08	1.099480e+01
