    nm         	nN
0.000000e+00	1.260109e+01
1.953125e+00	1.254570e+01
3.906250e+00	1.265648e+01
5.859376e+00	1.265648e+01
7.812501e+00	1.262879e+01
9.765627e+00	1.262879e+01
1.171875e+01	1.262879e+01
1.367188e+01	1.265648e+01
1.562500e+01	1.260109e+01
1.757813e+01	1.268417e+01
1.953125e+01	1.265648e+01
2.148438e+01	1.262879e+01
2.343751e+01	1.273956e+01
2.539063e+01	1.273956e+01
2.734376e+01	1.273956e+01
2.929688e+01	1.268417e+01
3.125001e+01	1.268417e+01
3.320313e+01	1.273956e+01
3.515626e+01	1.276726e+01
3.710938e+01	1.271187e+01
3.906251e+01	1.273956e+01
4.101564e+01	1.260109e+01
4.296876e+01	1.254570e+01
4.492189e+01	1.260109e+01
4.687501e+01	1.260109e+01
4.882814e+01	1.254570e+01
5.078126e+01	1.254570e+01
5.273439e+01	1.262879e+01
5.468751e+01	1.260109e+01
5.664064e+01	1.262879e+01
5.859377e+01	1.265648e+01
6.054689e+01	1.265648e+01
6.250001e+01	1.265648e+01
6.445314e+01	1.276726e+01
6.640627e+01	1.271187e+01
6.835939e+01	1.268417e+01
7.031252e+01	1.268417e+01
7.226564e+01	1.279495e+01
7.421877e+01	1.285034e+01
7.617189e+01	1.282265e+01
7.812502e+01	1.279495e+01
8.007815e+01	1.265648e+01
8.203127e+01	1.262879e+01
8.398440e+01	1.265648e+01
8.593752e+01	1.268417e+01
8.789065e+01	1.260109e+01
8.984377e+01	1.262879e+01
9.179690e+01	1.268417e+01
9.375002e+01	1.262879e+01
9.570315e+01	1.271187e+01
9.765628e+01	1.273956e+01
9.960940e+01	1.273956e+01
1.015625e+02	1.282265e+01
1.035157e+02	1.282265e+01
1.054688e+02	1.279495e+01
1.074219e+02	1.271187e+01
1.093750e+02	1.271187e+01
1.113282e+02	1.279495e+01
1.132813e+02	1.285034e+01
1.152344e+02	1.287804e+01
1.171875e+02	1.287804e+01
1.191407e+02	1.273956e+01
1.210938e+02	1.273956e+01
1.230469e+02	1.273956e+01
1.250000e+02	1.271187e+01
1.269532e+02	1.271187e+01
1.289063e+02	1.268417e+01
1.308594e+02	1.271187e+01
1.328125e+02	1.271187e+01
1.347657e+02	1.273956e+01
1.367188e+02	1.282265e+01
1.386719e+02	1.285034e+01
1.406250e+02	1.285034e+01
1.425782e+02	1.290573e+01
1.445313e+02	1.285034e+01
1.464844e+02	1.285034e+01
1.484375e+02	1.285034e+01
1.503907e+02	1.287804e+01
1.523438e+02	1.296112e+01
1.542969e+02	1.298882e+01
1.562500e+02	1.304421e+01
1.582032e+02	1.296112e+01
1.601563e+02	1.290573e+01
1.621094e+02	1.290573e+01
1.640625e+02	1.287804e+01
1.660157e+02	1.287804e+01
1.679688e+02	1.293343e+01
1.699219e+02	1.287804e+01
1.718750e+02	1.282265e+01
1.738282e+02	1.285034e+01
1.757813e+02	1.285034e+01
1.777344e+02	1.293343e+01
1.796875e+02	1.290573e+01
1.816407e+02	1.296112e+01
1.835938e+02	1.298882e+01
1.855469e+02	1.298882e+01
1.875000e+02	1.287804e+01
1.894532e+02	1.290573e+01
1.914063e+02	1.296112e+01
1.933594e+02	1.290573e+01
1.953126e+02	1.301651e+01
1.972657e+02	1.293343e+01
1.992188e+02	1.287804e+01
2.011719e+02	1.279495e+01
2.031251e+02	1.293343e+01
2.050782e+02	1.285034e+01
2.070313e+02	1.285034e+01
2.089844e+02	1.282265e+01
2.109376e+02	1.290573e+01
2.128907e+02	1.285034e+01
2.148438e+02	1.285034e+01
2.167969e+02	1.296112e+01
2.187501e+02	1.304421e+01
2.207032e+02	1.301651e+01
2.226563e+02	1.301651e+01
2.246094e+02	1.298882e+01
2.265626e+02	1.304421e+01
2.285157e+02	1.298882e+01
2.304688e+02	1.307190e+01
2.324219e+02	1.312729e+01
2.343751e+02	1.304421e+01
2.363282e+02	1.309960e+01
2.382813e+02	1.307190e+01
2.402344e+02	1.301651e+01
2.421876e+02	1.298882e+01
2.441407e+02	1.296112e+01
2.460938e+02	1.296112e+01
2.480469e+02	1.298882e+01
2.500000e+02	1.298882e+01
2.519531e+02	1.296112e+01
2.539062e+02	1.301651e+01
2.558593e+02	1.296112e+01
2.578124e+02	1.298882e+01
2.597656e+02	1.307190e+01
2.617187e+02	1.309960e+01
2.636718e+02	1.312729e+01
2.656249e+02	1.309960e+01
2.675780e+02	1.309960e+01
2.695311e+02	1.304421e+01
2.714842e+02	1.296112e+01
2.734373e+02	1.309960e+01
2.753904e+02	1.315498e+01
2.773436e+02	1.318268e+01
2.792967e+02	1.315498e+01
2.812498e+02	1.309960e+01
2.832029e+02	1.287804e+01
2.851560e+02	1.296112e+01
2.871091e+02	1.301651e+01
2.890622e+02	1.301651e+01
2.910153e+02	1.304421e+01
2.929685e+02	1.296112e+01
2.949216e+02	1.304421e+01
2.968747e+02	1.312729e+01
2.988278e+02	1.307190e+01
3.007809e+02	1.307190e+01
3.027340e+02	1.304421e+01
3.046871e+02	1.315498e+01
3.066402e+02	1.304421e+01
3.085933e+02	1.307190e+01
3.105465e+02	1.309960e+01
3.124996e+02	1.309960e+01
3.144527e+02	1.323807e+01
3.164058e+02	1.323807e+01
3.183589e+02	1.326576e+01
3.203120e+02	1.312729e+01
3.222651e+02	1.307190e+01
3.242182e+02	1.298882e+01
3.261713e+02	1.296112e+01
3.281245e+02	1.298882e+01
3.300776e+02	1.298882e+01
3.320307e+02	1.290573e+01
3.339838e+02	1.298882e+01
3.359369e+02	1.298882e+01
3.378900e+02	1.298882e+01
3.398431e+02	1.304421e+01
3.417962e+02	1.318268e+01
3.437493e+02	1.323807e+01
3.457025e+02	1.309960e+01
3.476556e+02	1.304421e+01
3.496087e+02	1.307190e+01
3.515618e+02	1.312729e+01
3.535149e+02	1.309960e+01
3.554680e+02	1.301651e+01
3.574211e+02	1.304421e+01
3.593742e+02	1.309960e+01
3.613274e+02	1.290573e+01
3.632805e+02	1.290573e+01
3.652336e+02	1.296112e+01
3.671867e+02	1.296112e+01
3.691398e+02	1.293343e+01
3.710929e+02	1.296112e+01
3.730460e+02	1.296112e+01
3.749991e+02	1.298882e+01
3.769522e+02	1.304421e+01
3.789054e+02	1.298882e+01
3.808585e+02	1.298882e+01
3.828116e+02	1.309960e+01
3.847647e+02	1.309960e+01
3.867178e+02	1.312729e+01
3.886709e+02	1.304421e+01
3.906240e+02	1.307190e+01
3.925771e+02	1.315498e+01
3.945302e+02	1.312729e+01
3.964834e+02	1.315498e+01
3.984365e+02	1.334885e+01
4.003896e+02	1.334885e+01
4.023427e+02	1.318268e+01
4.042958e+02	1.312729e+01
4.062489e+02	1.309960e+01
4.082020e+02	1.312729e+01
4.101551e+02	1.315498e+01
4.121082e+02	1.315498e+01
4.140614e+02	1.312729e+01
4.160145e+02	1.309960e+01
4.179676e+02	1.307190e+01
4.199207e+02	1.323807e+01
4.218738e+02	1.318268e+01
4.238269e+02	1.312729e+01
4.257800e+02	1.326576e+01
4.277331e+02	1.323807e+01
4.296863e+02	1.321037e+01
4.316394e+02	1.323807e+01
4.335925e+02	1.323807e+01
4.355456e+02	1.326576e+01
4.374987e+02	1.329346e+01
4.394518e+02	1.334885e+01
4.414049e+02	1.323807e+01
4.433580e+02	1.321037e+01
4.453111e+02	1.315498e+01
4.472643e+02	1.293343e+01
4.492174e+02	1.304421e+01
4.511705e+02	1.312729e+01
4.531236e+02	1.323807e+01
4.550767e+02	1.318268e+01
4.570298e+02	1.312729e+01
4.589829e+02	1.321037e+01
4.609360e+02	1.321037e+01
4.628891e+02	1.321037e+01
4.648423e+02	1.326576e+01
4.667954e+02	1.340424e+01
4.687485e+02	1.326576e+01
4.707016e+02	1.323807e+01
4.726547e+02	1.315498e+01
4.746078e+02	1.326576e+01
4.765609e+02	1.337654e+01
4.785140e+02	1.343193e+01
4.804672e+02	1.329346e+01
4.824203e+02	1.334885e+01
4.843735e+02	1.323807e+01
4.863266e+02	1.318268e+01
4.882797e+02	1.323807e+01
4.902329e+02	1.329346e+01
4.921860e+02	1.329346e+01
4.941392e+02	1.329346e+01
4.960923e+02	1.323807e+01
4.980454e+02	1.323807e+01
4.999986e+02	1.321037e+01
5.019517e+02	1.326576e+01
5.039049e+02	1.323807e+01
5.058580e+02	1.334885e+01
5.078111e+02	1.332115e+01
5.097643e+02	1.323807e+01
5.117174e+02	1.332115e+01
5.136706e+02	1.337654e+01
5.156237e+02	1.348732e+01
5.175768e+02	1.345963e+01
5.195300e+02	1.345963e+01
5.214831e+02	1.343193e+01
5.234363e+02	1.348732e+01
5.253894e+02	1.343193e+01
5.273425e+02	1.340424e+01
5.292957e+02	1.343193e+01
5.312488e+02	1.348732e+01
5.332020e+02	1.348732e+01
5.351551e+02	1.340424e+01
5.371082e+02	1.334885e+01
5.390614e+02	1.340424e+01
5.410145e+02	1.343193e+01
5.429677e+02	1.345963e+01
5.449208e+02	1.348732e+01
5.468739e+02	1.340424e+01
5.488271e+02	1.348732e+01
5.507802e+02	1.357041e+01
5.527334e+02	1.340424e+01
5.546865e+02	1.343193e+01
5.566396e+02	1.340424e+01
5.585928e+02	1.348732e+01
5.605459e+02	1.357041e+01
5.624991e+02	1.348732e+01
5.644522e+02	1.345963e+01
5.664053e+02	1.334885e+01
5.683585e+02	1.337654e+01
5.703116e+02	1.340424e+01
5.722648e+02	1.332115e+01
5.742179e+02	1.334885e+01
5.761710e+02	1.343193e+01
5.781242e+02	1.329346e+01
5.800773e+02	1.329346e+01
5.820305e+02	1.340424e+01
5.839836e+02	1.337654e+01
5.859367e+02	1.345963e+01
5.878899e+02	1.345963e+01
5.898430e+02	1.348732e+01
5.917962e+02	1.348732e+01
5.937493e+02	1.345963e+01
5.957024e+02	1.357041e+01
5.976556e+02	1.354271e+01
5.996087e+02	1.357041e+01
6.015619e+02	1.362579e+01
6.035150e+02	1.354271e+01
6.054681e+02	1.357041e+01
6.074213e+02	1.354271e+01
6.093744e+02	1.351502e+01
6.113276e+02	1.351502e+01
6.132807e+02	1.345963e+01
6.152338e+02	1.343193e+01
6.171870e+02	1.348732e+01
6.191401e+02	1.343193e+01
6.210932e+02	1.351502e+01
6.230464e+02	1.345963e+01
6.249995e+02	1.359810e+01
6.269527e+02	1.359810e+01
6.289058e+02	1.359810e+01
6.308589e+02	1.357041e+01
6.328121e+02	1.345963e+01
6.347652e+02	1.351502e+01
6.367184e+02	1.357041e+01
6.386715e+02	1.365349e+01
6.406246e+02	1.362579e+01
6.425778e+02	1.368118e+01
6.445309e+02	1.373657e+01
6.464841e+02	1.362579e+01
6.484372e+02	1.359810e+01
6.503903e+02	1.357041e+01
6.523435e+02	1.354271e+01
6.542966e+02	1.359810e+01
6.562498e+02	1.354271e+01
6.582029e+02	1.357041e+01
6.601560e+02	1.348732e+01
6.621092e+02	1.345963e+01
6.640623e+02	1.351502e+01
6.660155e+02	1.357041e+01
6.679686e+02	1.365349e+01
6.699217e+02	1.365349e+01
6.718749e+02	1.354271e+01
6.738280e+02	1.362579e+01
6.757812e+02	1.365349e+01
6.777343e+02	1.359810e+01
6.796874e+02	1.368118e+01
6.816406e+02	1.370888e+01
6.835937e+02	1.373657e+01
6.855469e+02	1.357041e+01
6.875000e+02	1.359810e+01
6.894531e+02	1.348732e+01
6.914063e+02	1.351502e+01
6.933594e+02	1.343193e+01
6.953126e+02	1.351502e+01
6.972657e+02	1.348732e+01
6.992188e+02	1.351502e+01
7.011720e+02	1.351502e+01
7.031251e+02	1.354271e+01
7.050783e+02	1.351502e+01
7.070314e+02	1.351502e+01
7.089845e+02	1.362579e+01
7.109377e+02	1.357041e+01
7.128908e+02	1.351502e+01
7.148440e+02	1.351502e+01
7.167971e+02	1.362579e+01
7.187502e+02	1.357041e+01
7.207034e+02	1.354271e+01
7.226565e+02	1.365349e+01
7.246097e+02	1.368118e+01
7.265628e+02	1.357041e+01
7.285159e+02	1.357041e+01
7.304691e+02	1.351502e+01
7.324222e+02	1.348732e+01
7.343754e+02	1.348732e+01
7.363285e+02	1.351502e+01
7.382816e+02	1.357041e+01
7.402348e+02	1.357041e+01
7.421879e+02	1.351502e+01
7.441411e+02	1.362579e+01
7.460942e+02	1.348732e+01
7.480473e+02	1.354271e+01
7.500005e+02	1.362579e+01
7.519536e+02	1.362579e+01
7.539068e+02	1.376427e+01
7.558599e+02	1.368118e+01
7.578130e+02	1.373657e+01
7.597662e+02	1.373657e+01
7.617193e+02	1.376427e+01
7.636725e+02	1.376427e+01
7.656256e+02	1.379196e+01
7.675787e+02	1.381966e+01
7.695319e+02	1.376427e+01
7.714850e+02	1.354271e+01
7.734382e+02	1.359810e+01
7.753913e+02	1.348732e+01
7.773444e+02	1.359810e+01
7.792976e+02	1.351502e+01
7.812507e+02	1.359810e+01
7.832039e+02	1.365349e+01
7.851570e+02	1.365349e+01
7.871101e+02	1.362579e+01
7.890633e+02	1.359810e+01
7.910164e+02	1.368118e+01
7.929696e+02	1.368118e+01
7.949227e+02	1.362579e+01
7.968758e+02	1.362579e+01
7.988290e+02	1.365349e+01
8.007821e+02	1.362579e+01
8.027353e+02	1.368118e+01
8.046884e+02	1.370888e+01
8.066415e+02	1.370888e+01
8.085947e+02	1.373657e+01
8.105478e+02	1.357041e+01
8.125010e+02	1.345963e+01
8.144541e+02	1.351502e+01
8.164072e+02	1.354271e+01
8.183604e+02	1.359810e+01
8.203135e+02	1.354271e+01
8.222667e+02	1.359810e+01
8.242198e+02	1.348732e+01
8.261729e+02	1.351502e+01
8.281261e+02	1.357041e+01
8.300792e+02	1.359810e+01
8.320324e+02	1.368118e+01
8.339855e+02	1.368118e+01
8.359386e+02	1.370888e+01
8.378918e+02	1.365349e+01
8.398449e+02	1.370888e+01
8.417981e+02	1.365349e+01
8.437512e+02	1.373657e+01
8.457043e+02	1.379196e+01
8.476575e+02	1.373657e+01
8.496106e+02	1.381966e+01
8.515638e+02	1.368118e+01
8.535169e+02	1.370888e+01
8.554700e+02	1.370888e+01
8.574232e+02	1.362579e+01
8.593763e+02	1.373657e+01
8.613295e+02	1.365349e+01
8.632826e+02	1.362579e+01
8.652357e+02	1.365349e+01
8.671889e+02	1.368118e+01
8.691420e+02	1.379196e+01
8.710952e+02	1.370888e+01
8.730483e+02	1.362579e+01
8.750014e+02	1.365349e+01
8.769546e+02	1.368118e+01
8.789077e+02	1.368118e+01
8.808609e+02	1.370888e+01
8.828140e+02	1.370888e+01
8.847671e+02	1.376427e+01
8.867203e+02	1.368118e+01
8.886734e+02	1.376427e+01
8.906266e+02	1.368118e+01
8.925797e+02	1.359810e+01
8.945328e+02	1.368118e+01
8.964860e+02	1.370888e+01
8.984391e+02	1.365349e+01
9.003923e+02	1.357041e+01
9.023454e+02	1.368118e+01
9.042985e+02	1.368118e+01
9.062517e+02	1.381966e+01
9.082048e+02	1.376427e+01
9.101580e+02	1.370888e+01
9.121111e+02	1.373657e+01
9.140642e+02	1.370888e+01
9.160174e+02	1.368118e+01
9.179705e+02	1.359810e+01
9.199237e+02	1.376427e+01
9.218768e+02	1.379196e+01
9.238299e+02	1.387505e+01
9.257831e+02	1.398583e+01
9.277362e+02	1.393044e+01
9.296893e+02	1.395813e+01
9.316425e+02	1.379196e+01
9.335956e+02	1.381966e+01
9.355488e+02	1.376427e+01
9.375019e+02	1.373657e+01
9.394550e+02	1.379196e+01
9.414082e+02	1.384735e+01
9.433613e+02	1.379196e+01
9.453145e+02	1.370888e+01
9.472676e+02	1.376427e+01
9.492207e+02	1.373657e+01
9.511739e+02	1.381966e+01
9.531270e+02	1.384735e+01
9.550802e+02	1.381966e+01
9.570333e+02	1.384735e+01
9.589864e+02	1.384735e+01
9.609396e+02	1.379196e+01
9.628927e+02	1.393044e+01
9.648459e+02	1.390274e+01
9.667990e+02	1.387505e+01
9.687521e+02	1.395813e+01
9.707053e+02	1.381966e+01
9.726584e+02	1.390274e+01
9.746116e+02	1.370888e+01
9.765647e+02	1.376427e+01
9.785178e+02	1.387505e+01
9.804710e+02	1.398583e+01
9.824241e+02	1.384735e+01
9.843773e+02	1.384735e+01
9.863304e+02	1.368118e+01
9.882835e+02	1.359810e+01
9.902367e+02	1.351502e+01
9.921898e+02	1.329346e+01
9.941430e+02	-3.046325e+00
9.960961e+02	6.868287e+00
9.980492e+02	2.021713e+01
