    um         	nN
8.203125e-02	1.138252e+01
8.496094e-02	1.129944e+01
8.789063e-02	1.127174e+01
9.082031e-02	1.132713e+01
9.375000e-02	1.129944e+01
9.667969e-02	1.138252e+01
9.960938e-02	1.141022e+01
1.025391e-01	1.143791e+01
1.054688e-01	1.146561e+01
1.083984e-01	1.141022e+01
1.113281e-01	1.141022e+01
1.142578e-01	1.141022e+01
1.171875e-01	1.146561e+01
1.201172e-01	1.146561e+01
1.230469e-01	1.146561e+01
1.259766e-01	1.146561e+01
1.289062e-01	1.154869e+01
1.318359e-01	1.146561e+01
1.347656e-01	1.143791e+01
1.376953e-01	1.143791e+01
1.406250e-01	1.146561e+01
1.435546e-01	1.149330e+01
1.464843e-01	1.146561e+01
1.494140e-01	1.146561e+01
1.523437e-01	1.146561e+01
1.552734e-01	1.146561e+01
1.582031e-01	1.146561e+01
1.611327e-01	1.157639e+01
1.640624e-01	1.152100e+01
1.669921e-01	1.152100e+01
1.699218e-01	1.157639e+01
1.728515e-01	1.154869e+01
1.757811e-01	1.149330e+01
1.787108e-01	1.146561e+01
1.816405e-01	1.157639e+01
1.845702e-01	1.163178e+01
1.874999e-01	1.154869e+01
1.904295e-01	1.157639e+01
1.933592e-01	1.154869e+01
1.962889e-01	1.154869e+01
1.992186e-01	1.149330e+01
2.021483e-01	1.152100e+01
2.050780e-01	1.152100e+01
2.080076e-01	1.157639e+01
2.109373e-01	1.152100e+01
2.138670e-01	1.160408e+01
2.167967e-01	1.157639e+01
2.197264e-01	1.152100e+01
2.226560e-01	1.165947e+01
2.255857e-01	1.165947e+01
2.285154e-01	1.149330e+01
2.314451e-01	1.149330e+01
2.343748e-01	1.149330e+01
2.373044e-01	1.157639e+01
2.402341e-01	1.160408e+01
2.431638e-01	1.168717e+01
2.460935e-01	1.174255e+01
2.490232e-01	1.171486e+01
2.519529e-01	1.171486e+01
2.548825e-01	1.160408e+01
2.578122e-01	1.157639e+01
2.607419e-01	1.163178e+01
2.636716e-01	1.154869e+01
2.666013e-01	1.168717e+01
2.695309e-01	1.165947e+01
2.724606e-01	1.177025e+01
2.753903e-01	1.165947e+01
2.783200e-01	1.174255e+01
2.812497e-01	1.179794e+01
2.841794e-01	1.165947e+01
2.871090e-01	1.179794e+01
2.900387e-01	1.177025e+01
2.929684e-01	1.177025e+01
2.958981e-01	1.185333e+01
2.988278e-01	1.182564e+01
3.017574e-01	1.177025e+01
3.046871e-01	1.188103e+01
3.076168e-01	1.185333e+01
3.105465e-01	1.185333e+01
3.134762e-01	1.177025e+01
3.164058e-01	1.174255e+01
3.193355e-01	1.171486e+01
3.222652e-01	1.165947e+01
3.251949e-01	1.174255e+01
3.281246e-01	1.171486e+01
3.310543e-01	1.171486e+01
3.339839e-01	1.185333e+01
3.369136e-01	1.179794e+01
3.398433e-01	1.185333e+01
3.427730e-01	1.188103e+01
3.457027e-01	1.196411e+01
3.486323e-01	1.193642e+01
3.515620e-01	1.196411e+01
3.544917e-01	1.196411e+01
3.574214e-01	1.196411e+01
3.603511e-01	1.201950e+01
3.632807e-01	1.201950e+01
3.662104e-01	1.204720e+01
3.691401e-01	1.201950e+01
3.720698e-01	1.213028e+01
3.749995e-01	1.199181e+01
3.779292e-01	1.193642e+01
3.808588e-01	1.179794e+01
3.837885e-01	1.182564e+01
3.867182e-01	1.179794e+01
3.896479e-01	1.182564e+01
3.925776e-01	1.185333e+01
3.955072e-01	1.174255e+01
3.984369e-01	1.182564e+01
4.013666e-01	1.188103e+01
4.042963e-01	1.199181e+01
4.072260e-01	1.193642e+01
4.101556e-01	1.193642e+01
4.130853e-01	1.193642e+01
4.160150e-01	1.199181e+01
4.189447e-01	1.207489e+01
4.218744e-01	1.210259e+01
4.248041e-01	1.210259e+01
4.277337e-01	1.210259e+01
4.306634e-01	1.218567e+01
4.335931e-01	1.210259e+01
4.365228e-01	1.204720e+01
4.394525e-01	1.196411e+01
4.423821e-01	1.201950e+01
4.453118e-01	1.204720e+01
4.482415e-01	1.207489e+01
4.511712e-01	1.201950e+01
4.541009e-01	1.204720e+01
4.570306e-01	1.201950e+01
4.599602e-01	1.201950e+01
4.628899e-01	1.199181e+01
4.658196e-01	1.204720e+01
4.687493e-01	1.215798e+01
4.716790e-01	1.207489e+01
4.746086e-01	1.204720e+01
4.775383e-01	1.207489e+01
4.804680e-01	1.207489e+01
4.833977e-01	1.204720e+01
4.863275e-01	1.201950e+01
4.892572e-01	1.199181e+01
4.921869e-01	1.201950e+01
4.951166e-01	1.201950e+01
4.980463e-01	1.196411e+01
5.009760e-01	1.193642e+01
5.039057e-01	1.182564e+01
5.068354e-01	1.188103e+01
5.097651e-01	1.196411e+01
5.126948e-01	1.188103e+01
5.156245e-01	1.185333e+01
5.185543e-01	1.182564e+01
5.214840e-01	1.185333e+01
5.244137e-01	1.190872e+01
5.273434e-01	1.185333e+01
5.302731e-01	1.188103e+01
5.332028e-01	1.190872e+01
5.361325e-01	1.182564e+01
5.390622e-01	1.190872e+01
5.419919e-01	1.190872e+01
5.449216e-01	1.193642e+01
5.478514e-01	1.188103e+01
5.507811e-01	1.196411e+01
5.537108e-01	1.196411e+01
5.566405e-01	1.201950e+01
5.595702e-01	1.185333e+01
5.624999e-01	1.193642e+01
5.654296e-01	1.190872e+01
5.683593e-01	1.190872e+01
5.712890e-01	1.188103e+01
5.742187e-01	1.188103e+01
5.771485e-01	1.188103e+01
5.800782e-01	1.182564e+01
5.830079e-01	1.177025e+01
5.859376e-01	1.179794e+01
5.888673e-01	1.185333e+01
5.917970e-01	1.182564e+01
5.947267e-01	1.185333e+01
5.976564e-01	1.177025e+01
6.005861e-01	1.177025e+01
6.035158e-01	1.179794e+01
6.064456e-01	1.185333e+01
6.093753e-01	1.190872e+01
6.123050e-01	1.179794e+01
6.152347e-01	1.185333e+01
6.181644e-01	1.179794e+01
6.210941e-01	1.168717e+01
6.240238e-01	1.177025e+01
6.269535e-01	1.179794e+01
6.298832e-01	1.185333e+01
6.328129e-01	1.190872e+01
6.357427e-01	1.179794e+01
6.386724e-01	1.182564e+01
6.416021e-01	1.182564e+01
6.445318e-01	1.182564e+01
6.474615e-01	1.190872e+01
6.503912e-01	1.190872e+01
6.533209e-01	1.196411e+01
6.562506e-01	1.188103e+01
6.591803e-01	1.185333e+01
6.621100e-01	1.188103e+01
6.650397e-01	1.188103e+01
6.679695e-01	1.193642e+01
6.708992e-01	1.210259e+01
6.738289e-01	1.204720e+01
6.767586e-01	1.201950e+01
6.796883e-01	1.207489e+01
6.826180e-01	1.193642e+01
6.855477e-01	1.188103e+01
6.884774e-01	1.193642e+01
6.914071e-01	1.193642e+01
6.943368e-01	1.193642e+01
6.972666e-01	1.199181e+01
7.001963e-01	1.185333e+01
7.031260e-01	1.193642e+01
7.060557e-01	1.199181e+01
7.089854e-01	1.196411e+01
7.119151e-01	1.199181e+01
7.148448e-01	1.201950e+01
7.177745e-01	1.204720e+01
7.207042e-01	1.201950e+01
7.236339e-01	1.215798e+01
7.265637e-01	1.207489e+01
7.294934e-01	1.215798e+01
7.324231e-01	1.224106e+01
7.353528e-01	1.201950e+01
7.382825e-01	1.201950e+01
7.412122e-01	1.201950e+01
7.441419e-01	1.201950e+01
7.470716e-01	1.199181e+01
7.500013e-01	1.199181e+01
7.529310e-01	1.199181e+01
7.558608e-01	1.207489e+01
7.587905e-01	1.204720e+01
7.617202e-01	1.210259e+01
7.646499e-01	1.207489e+01
7.675796e-01	1.210259e+01
7.705093e-01	1.218567e+01
7.734390e-01	1.215798e+01
7.763687e-01	1.215798e+01
7.792984e-01	1.224106e+01
7.822281e-01	1.218567e+01
7.851579e-01	1.213028e+01
7.880876e-01	1.221336e+01
7.910173e-01	1.213028e+01
7.939470e-01	1.224106e+01
7.968767e-01	1.215798e+01
7.998064e-01	1.224106e+01
8.027361e-01	1.215798e+01
8.056658e-01	1.218567e+01
8.085955e-01	1.210259e+01
8.115252e-01	1.210259e+01
8.144549e-01	1.215798e+01
8.173847e-01	1.210259e+01
8.203144e-01	1.215798e+01
8.232441e-01	1.213028e+01
8.261738e-01	1.215798e+01
8.291035e-01	1.224106e+01
8.320332e-01	1.229645e+01
8.349629e-01	1.237953e+01
8.378926e-01	1.235184e+01
8.408223e-01	1.240723e+01
8.437520e-01	1.224106e+01
8.466818e-01	1.232414e+01
8.496115e-01	1.237953e+01
8.525412e-01	1.226875e+01
8.554709e-01	1.243492e+01
8.584006e-01	1.229645e+01
8.613303e-01	1.235184e+01
8.642600e-01	1.235184e+01
8.671897e-01	1.226875e+01
8.701194e-01	1.229645e+01
8.730491e-01	1.226875e+01
8.759789e-01	1.237953e+01
8.789086e-01	1.226875e+01
8.818383e-01	1.240723e+01
8.847680e-01	1.237953e+01
8.876977e-01	1.226875e+01
8.906274e-01	1.237953e+01
8.935571e-01	1.243492e+01
8.964868e-01	1.246262e+01
8.994165e-01	1.243492e+01
9.023462e-01	1.235184e+01
9.052760e-01	1.237953e+01
9.082057e-01	1.226875e+01
9.111354e-01	1.232414e+01
9.140651e-01	1.254570e+01
9.169948e-01	1.240723e+01
9.199245e-01	1.240723e+01
9.228542e-01	1.235184e+01
9.257839e-01	1.235184e+01
9.287136e-01	1.229645e+01
9.316433e-01	1.235184e+01
9.345731e-01	1.237953e+01
9.375028e-01	1.243492e+01
9.404325e-01	1.235184e+01
9.433622e-01	1.240723e+01
9.462919e-01	1.237953e+01
9.492216e-01	1.232414e+01
9.521513e-01	1.226875e+01
9.550810e-01	1.232414e+01
9.580107e-01	1.235184e+01
9.609404e-01	1.249031e+01
9.638701e-01	1.249031e+01
9.667998e-01	1.249031e+01
9.697295e-01	1.249031e+01
9.726592e-01	1.251801e+01
9.755889e-01	1.257340e+01
9.785186e-01	1.251801e+01
9.814484e-01	1.257340e+01
9.843781e-01	1.254570e+01
9.873078e-01	1.257340e+01
9.902375e-01	1.257340e+01
9.931672e-01	1.249031e+01
9.960969e-01	1.249031e+01
9.990266e-01	1.246262e+01
1.001956e+00	1.246262e+01
1.004886e+00	1.251801e+01
1.007816e+00	1.249031e+01
1.010745e+00	1.246262e+01
1.013675e+00	1.262879e+01
1.016605e+00	1.257340e+01
1.019535e+00	1.254570e+01
1.022464e+00	1.260109e+01
1.025394e+00	1.268417e+01
1.028324e+00	1.260109e+01
1.031253e+00	1.257340e+01
1.034183e+00	1.268417e+01
1.037113e+00	1.282265e+01
1.040043e+00	1.285034e+01
1.042972e+00	1.287804e+01
1.045902e+00	1.282265e+01
1.048832e+00	1.271187e+01
1.051761e+00	1.271187e+01
1.054691e+00	1.265648e+01
1.057621e+00	1.265648e+01
1.060551e+00	1.268417e+01
1.063480e+00	1.262879e+01
1.066410e+00	1.254570e+01
1.069340e+00	1.254570e+01
1.072269e+00	1.268417e+01
1.075199e+00	1.251801e+01
1.078129e+00	1.262879e+01
1.081058e+00	1.273956e+01
1.083988e+00	1.273956e+01
1.086918e+00	1.271187e+01
1.089848e+00	1.276726e+01
1.092777e+00	1.279495e+01
1.095707e+00	1.268417e+01
1.098637e+00	1.276726e+01
1.101566e+00	1.282265e+01
1.104496e+00	1.285034e+01
1.107426e+00	1.271187e+01
1.110356e+00	1.271187e+01
1.113285e+00	1.282265e+01
1.116215e+00	1.276726e+01
1.119145e+00	1.273956e+01
1.122074e+00	1.276726e+01
1.125004e+00	1.273956e+01
1.127934e+00	1.265648e+01
1.130864e+00	1.265648e+01
1.133793e+00	1.273956e+01
1.136723e+00	1.271187e+01
1.139653e+00	1.273956e+01
1.142582e+00	1.273956e+01
1.145512e+00	1.282265e+01
1.148442e+00	1.268417e+01
1.151372e+00	1.276726e+01
1.154301e+00	1.273956e+01
1.157231e+00	1.279495e+01
1.160161e+00	1.276726e+01
1.163090e+00	1.290573e+01
1.166020e+00	1.285034e+01
1.168950e+00	1.271187e+01
1.171879e+00	1.265648e+01
1.174809e+00	1.273956e+01
1.177739e+00	1.279495e+01
1.180669e+00	1.282265e+01
1.183598e+00	1.279495e+01
1.186528e+00	1.287804e+01
1.189458e+00	1.271187e+01
1.192387e+00	1.268417e+01
1.195317e+00	1.276726e+01
1.198247e+00	1.279495e+01
1.201177e+00	1.285034e+01
1.204106e+00	1.290573e+01
1.207036e+00	1.282265e+01
1.209966e+00	1.282265e+01
1.212895e+00	1.282265e+01
1.215825e+00	1.293343e+01
1.218755e+00	1.285034e+01
1.221685e+00	1.287804e+01
1.224614e+00	1.290573e+01
1.227544e+00	1.293343e+01
1.230474e+00	1.290573e+01
1.233403e+00	1.273956e+01
1.236333e+00	1.282265e+01
1.239263e+00	1.287804e+01
1.242193e+00	1.279495e+01
1.245122e+00	1.298882e+01
1.248052e+00	1.290573e+01
1.250982e+00	1.287804e+01
1.253911e+00	1.293343e+01
1.256841e+00	1.290573e+01
1.259771e+00	1.290573e+01
1.262700e+00	1.293343e+01
1.265630e+00	1.301651e+01
1.268560e+00	1.309960e+01
1.271490e+00	1.309960e+01
1.274419e+00	1.301651e+01
1.277349e+00	1.298882e+01
1.280279e+00	1.301651e+01
1.283208e+00	1.304421e+01
1.286138e+00	1.309960e+01
1.289068e+00	1.312729e+01
1.291998e+00	1.301651e+01
1.294927e+00	1.296112e+01
1.297857e+00	1.290573e+01
1.300787e+00	1.290573e+01
1.303716e+00	1.296112e+01
1.306646e+00	1.287804e+01
1.309576e+00	1.301651e+01
1.312506e+00	1.287804e+01
1.315435e+00	1.293343e+01
1.318365e+00	1.298882e+01
1.321295e+00	1.304421e+01
1.324224e+00	1.298882e+01
1.327154e+00	1.290573e+01
1.330084e+00	1.287804e+01
1.333014e+00	1.290573e+01
1.335943e+00	1.287804e+01
1.338873e+00	1.298882e+01
1.341803e+00	1.307190e+01
1.344732e+00	1.309960e+01
1.347662e+00	1.309960e+01
1.350592e+00	1.304421e+01
1.353521e+00	1.307190e+01
1.356451e+00	1.293343e+01
1.359381e+00	1.290573e+01
1.362311e+00	1.296112e+01
1.365240e+00	1.296112e+01
1.368170e+00	1.293343e+01
1.371100e+00	1.298882e+01
1.374029e+00	1.296112e+01
1.376959e+00	1.298882e+01
1.379889e+00	1.312729e+01
1.382819e+00	1.307190e+01
1.385748e+00	1.307190e+01
1.388678e+00	1.309960e+01
1.391608e+00	1.309960e+01
1.394537e+00	1.301651e+01
1.397467e+00	1.304421e+01
1.400397e+00	1.304421e+01
1.403327e+00	1.312729e+01
1.406256e+00	1.312729e+01
1.409186e+00	1.309960e+01
1.412116e+00	1.318268e+01
1.415045e+00	1.309960e+01
1.417975e+00	1.301651e+01
1.420905e+00	1.307190e+01
1.423835e+00	1.301651e+01
1.426764e+00	1.309960e+01
1.429694e+00	1.307190e+01
1.432624e+00	1.309960e+01
1.435553e+00	1.307190e+01
1.438483e+00	1.307190e+01
1.441413e+00	1.323807e+01
1.444343e+00	1.326576e+01
1.447272e+00	1.326576e+01
1.450202e+00	1.332115e+01
1.453132e+00	1.321037e+01
1.456061e+00	1.329346e+01
1.458991e+00	1.334885e+01
1.461921e+00	1.326576e+01
1.464850e+00	1.332115e+01
1.467780e+00	1.334885e+01
1.470710e+00	1.326576e+01
1.473640e+00	1.329346e+01
1.476569e+00	1.318268e+01
1.479499e+00	1.315498e+01
1.482429e+00	1.315498e+01
1.485358e+00	1.312729e+01
1.488288e+00	1.309960e+01
1.491218e+00	1.309960e+01
1.494148e+00	5.538941e+00
1.497077e+00	3.434143e+00
