    nm         	nN
2.441405e+01	1.354271e+01
2.539062e+01	1.351502e+01
2.636718e+01	1.348732e+01
2.734374e+01	1.351502e+01
2.832031e+01	1.354271e+01
2.929687e+01	1.357041e+01
3.027343e+01	1.351502e+01
3.124999e+01	1.348732e+01
3.222656e+01	1.351502e+01
3.320312e+01	1.348732e+01
3.417968e+01	1.337654e+01
3.515624e+01	1.354271e+01
3.613281e+01	1.345963e+01
3.710937e+01	1.345963e+01
3.808593e+01	1.340424e+01
3.906250e+01	1.343193e+01
4.003906e+01	1.337654e+01
4.101562e+01	1.348732e+01
4.199218e+01	1.345963e+01
4.296875e+01	1.348732e+01
4.394531e+01	1.354271e+01
4.492187e+01	1.357041e+01
4.589844e+01	1.348732e+01
4.687500e+01	1.340424e+01
4.785156e+01	1.348732e+01
4.882812e+01	1.343193e+01
4.980469e+01	1.345963e+01
5.078125e+01	1.354271e+01
5.175781e+01	1.351502e+01
5.273438e+01	1.348732e+01
5.371094e+01	1.351502e+01
5.468750e+01	1.348732e+01
5.566406e+01	1.340424e+01
5.664063e+01	1.357041e+01
5.761719e+01	1.351502e+01
5.859375e+01	1.354271e+01
5.957031e+01	1.348732e+01
6.054687e+01	1.354271e+01
6.152344e+01	1.359810e+01
6.250000e+01	1.357041e+01
6.347656e+01	1.362579e+01
6.445313e+01	1.357041e+01
6.542969e+01	1.359810e+01
6.640625e+01	1.359810e+01
6.738281e+01	1.357041e+01
6.835938e+01	1.362579e+01
6.933594e+01	1.365349e+01
7.031250e+01	1.370888e+01
7.128907e+01	1.357041e+01
7.226563e+01	1.362579e+01
7.324219e+01	1.359810e+01
7.421875e+01	1.337654e+01
7.519532e+01	1.348732e+01
7.617188e+01	1.348732e+01
7.714844e+01	1.351502e+01
7.812501e+01	1.359810e+01
7.910157e+01	1.337654e+01
8.007813e+01	1.343193e+01
8.105469e+01	1.345963e+01
8.203126e+01	1.348732e+01
8.300782e+01	1.354271e+01
8.398438e+01	1.357041e+01
8.496094e+01	1.359810e+01
8.593751e+01	1.357041e+01
8.691407e+01	1.354271e+01
8.789063e+01	1.362579e+01
8.886720e+01	1.368118e+01
8.984376e+01	1.354271e+01
9.082032e+01	1.359810e+01
9.179688e+01	1.362579e+01
9.277345e+01	1.368118e+01
9.375001e+01	1.359810e+01
9.472657e+01	1.354271e+01
9.570314e+01	1.357041e+01
9.667970e+01	1.348732e+01
9.765626e+01	1.337654e+01
9.863282e+01	1.351502e+01
9.960939e+01	1.354271e+01
1.005860e+02	1.351502e+01
1.015625e+02	1.354271e+01
1.025391e+02	1.354271e+01
1.035156e+02	1.351502e+01
1.044922e+02	1.359810e+01
1.054688e+02	1.368118e+01
1.064453e+02	1.365349e+01
1.074219e+02	1.368118e+01
1.083985e+02	1.370888e+01
1.093750e+02	1.373657e+01
1.103516e+02	1.362579e+01
1.113281e+02	1.373657e+01
1.123047e+02	1.373657e+01
1.132813e+02	1.365349e+01
1.142578e+02	1.354271e+01
1.152344e+02	1.359810e+01
1.162110e+02	1.359810e+01
1.171875e+02	1.362579e+01
1.181641e+02	1.348732e+01
1.191406e+02	1.357041e+01
1.201172e+02	1.362579e+01
1.210938e+02	1.359810e+01
1.220703e+02	1.365349e+01
1.230469e+02	1.370888e+01
1.240234e+02	1.376427e+01
1.250000e+02	1.365349e+01
1.259765e+02	1.370888e+01
1.269531e+02	1.379196e+01
1.279297e+02	1.370888e+01
1.289062e+02	1.370888e+01
1.298828e+02	1.370888e+01
1.308593e+02	1.370888e+01
1.318359e+02	1.373657e+01
1.328124e+02	1.373657e+01
1.337890e+02	1.370888e+01
1.347655e+02	1.359810e+01
1.357421e+02	1.368118e+01
1.367187e+02	1.368118e+01
1.376952e+02	1.359810e+01
1.386718e+02	1.359810e+01
1.396483e+02	1.365349e+01
1.406249e+02	1.357041e+01
1.416014e+02	1.354271e+01
1.425780e+02	1.359810e+01
1.435545e+02	1.373657e+01
1.445311e+02	1.373657e+01
1.455077e+02	1.373657e+01
1.464842e+02	1.365349e+01
1.474608e+02	1.362579e+01
1.484373e+02	1.362579e+01
1.494139e+02	1.368118e+01
1.503904e+02	1.379196e+01
1.513670e+02	1.370888e+01
1.523435e+02	1.370888e+01
1.533201e+02	1.368118e+01
1.542967e+02	1.373657e+01
1.552732e+02	1.368118e+01
1.562498e+02	1.365349e+01
1.572263e+02	1.370888e+01
1.582029e+02	1.357041e+01
1.591794e+02	1.373657e+01
1.601560e+02	1.365349e+01
1.611325e+02	1.373657e+01
1.621091e+02	1.365349e+01
1.630857e+02	1.357041e+01
1.640622e+02	1.370888e+01
1.650388e+02	1.373657e+01
1.660153e+02	1.370888e+01
1.669919e+02	1.373657e+01
1.679684e+02	1.373657e+01
1.689450e+02	1.368118e+01
1.699215e+02	1.370888e+01
1.708981e+02	1.373657e+01
1.718747e+02	1.384735e+01
1.728512e+02	1.390274e+01
1.738278e+02	1.381966e+01
1.748043e+02	1.381966e+01
1.757809e+02	1.381966e+01
1.767574e+02	1.381966e+01
1.777340e+02	1.376427e+01
1.787106e+02	1.373657e+01
1.796871e+02	1.381966e+01
1.806637e+02	1.370888e+01
1.816402e+02	1.368118e+01
1.826168e+02	1.370888e+01
1.835933e+02	1.376427e+01
1.845699e+02	1.379196e+01
1.855464e+02	1.379196e+01
1.865230e+02	1.379196e+01
1.874996e+02	1.379196e+01
1.884761e+02	1.379196e+01
1.894527e+02	1.379196e+01
1.904292e+02	1.376427e+01
1.914058e+02	1.387505e+01
1.923823e+02	1.387505e+01
1.933589e+02	1.393044e+01
1.943354e+02	1.387505e+01
1.953120e+02	1.381966e+01
1.962886e+02	1.362579e+01
1.972651e+02	1.362579e+01
1.982417e+02	1.368118e+01
1.992182e+02	1.373657e+01
2.001948e+02	1.365349e+01
2.011713e+02	1.359810e+01
2.021479e+02	1.368118e+01
2.031244e+02	1.376427e+01
2.041010e+02	1.362579e+01
2.050776e+02	1.376427e+01
2.060541e+02	1.376427e+01
2.070307e+02	1.376427e+01
2.080072e+02	1.379196e+01
2.089838e+02	1.370888e+01
2.099603e+02	1.373657e+01
2.109369e+02	1.365349e+01
2.119134e+02	1.368118e+01
2.128900e+02	1.376427e+01
2.138666e+02	1.365349e+01
2.148431e+02	1.365349e+01
2.158197e+02	1.370888e+01
2.167962e+02	1.359810e+01
2.177728e+02	1.365349e+01
2.187493e+02	1.362579e+01
2.197259e+02	1.357041e+01
2.207024e+02	1.368118e+01
2.216790e+02	1.373657e+01
2.226556e+02	1.368118e+01
2.236321e+02	1.362579e+01
2.246087e+02	1.359810e+01
2.255852e+02	1.373657e+01
2.265618e+02	1.381966e+01
2.275383e+02	1.373657e+01
2.285149e+02	1.370888e+01
2.294914e+02	1.368118e+01
2.304680e+02	1.370888e+01
2.314446e+02	1.365349e+01
2.324211e+02	1.368118e+01
2.333977e+02	1.373657e+01
2.343742e+02	1.373657e+01
2.353508e+02	1.379196e+01
2.363273e+02	1.362579e+01
2.373039e+02	1.365349e+01
2.382804e+02	1.365349e+01
2.392570e+02	1.365349e+01
2.402336e+02	1.357041e+01
2.412102e+02	1.362579e+01
2.421867e+02	1.365349e+01
2.431633e+02	1.368118e+01
2.441399e+02	1.365349e+01
2.451164e+02	1.373657e+01
2.460930e+02	1.370888e+01
2.470696e+02	1.368118e+01
2.480461e+02	1.373657e+01
2.490227e+02	1.368118e+01
2.499993e+02	1.370888e+01
2.509759e+02	1.359810e+01
2.519524e+02	1.370888e+01
2.529290e+02	1.373657e+01
2.539056e+02	1.387505e+01
2.548821e+02	1.393044e+01
2.558587e+02	1.379196e+01
2.568353e+02	1.373657e+01
2.578118e+02	1.368118e+01
2.587884e+02	1.362579e+01
2.597650e+02	1.365349e+01
2.607416e+02	1.365349e+01
2.617181e+02	1.362579e+01
2.626947e+02	1.365349e+01
2.636713e+02	1.362579e+01
2.646478e+02	1.362579e+01
2.656244e+02	1.373657e+01
2.666010e+02	1.373657e+01
2.675775e+02	1.376427e+01
2.685541e+02	1.370888e+01
2.695307e+02	1.379196e+01
2.705073e+02	1.370888e+01
2.714838e+02	1.376427e+01
2.724604e+02	1.370888e+01
2.734370e+02	1.381966e+01
2.744135e+02	1.384735e+01
2.753901e+02	1.387505e+01
2.763667e+02	1.376427e+01
2.773432e+02	1.365349e+01
2.783198e+02	1.370888e+01
2.792964e+02	1.370888e+01
2.802730e+02	1.373657e+01
2.812495e+02	1.370888e+01
2.822261e+02	1.368118e+01
2.832027e+02	1.373657e+01
2.841792e+02	1.362579e+01
2.851558e+02	1.370888e+01
2.861324e+02	1.376427e+01
2.871089e+02	1.381966e+01
2.880855e+02	1.381966e+01
2.890621e+02	1.381966e+01
2.900387e+02	1.381966e+01
2.910152e+02	1.381966e+01
2.919918e+02	1.390274e+01
2.929684e+02	1.387505e+01
2.939449e+02	1.387505e+01
2.949215e+02	1.401352e+01
2.958981e+02	1.395813e+01
2.968746e+02	1.390274e+01
2.978512e+02	1.387505e+01
2.988278e+02	1.387505e+01
2.998044e+02	1.373657e+01
3.007809e+02	1.376427e+01
3.017575e+02	1.379196e+01
3.027341e+02	1.381966e+01
3.037106e+02	1.387505e+01
3.046872e+02	1.381966e+01
3.056638e+02	1.381966e+01
3.066403e+02	1.390274e+01
3.076169e+02	1.393044e+01
3.085935e+02	1.384735e+01
3.095701e+02	1.387505e+01
3.105466e+02	1.384735e+01
3.115232e+02	1.384735e+01
3.124998e+02	1.384735e+01
3.134763e+02	1.393044e+01
3.144529e+02	1.401352e+01
3.154295e+02	1.395813e+01
3.164060e+02	1.387505e+01
3.173826e+02	1.384735e+01
3.183592e+02	1.381966e+01
3.193358e+02	1.373657e+01
3.203123e+02	1.381966e+01
3.212889e+02	1.373657e+01
3.222655e+02	1.384735e+01
3.232420e+02	1.387505e+01
3.242186e+02	1.384735e+01
3.251952e+02	1.384735e+01
3.261717e+02	1.384735e+01
3.271483e+02	1.379196e+01
3.281249e+02	1.379196e+01
3.291015e+02	1.384735e+01
3.300780e+02	1.381966e+01
3.310546e+02	1.387505e+01
3.320312e+02	1.379196e+01
3.330077e+02	1.381966e+01
3.339843e+02	1.390274e+01
3.349609e+02	1.373657e+01
3.359374e+02	1.381966e+01
3.369140e+02	1.379196e+01
3.378906e+02	1.376427e+01
3.388672e+02	1.373657e+01
3.398437e+02	1.376427e+01
3.408203e+02	1.376427e+01
3.417969e+02	1.376427e+01
3.427734e+02	1.373657e+01
3.437500e+02	1.370888e+01
3.447266e+02	1.368118e+01
3.457031e+02	1.379196e+01
3.466797e+02	1.373657e+01
3.476563e+02	1.381966e+01
3.486329e+02	1.387505e+01
3.496094e+02	1.393044e+01
3.505860e+02	1.393044e+01
3.515626e+02	1.376427e+01
3.525391e+02	1.390274e+01
3.535157e+02	1.384735e+01
3.544923e+02	1.401352e+01
3.554688e+02	1.387505e+01
3.564454e+02	1.393044e+01
3.574220e+02	1.390274e+01
3.583986e+02	1.390274e+01
3.593751e+02	1.381966e+01
3.603517e+02	1.384735e+01
3.613283e+02	1.376427e+01
3.623048e+02	1.381966e+01
3.632814e+02	1.401352e+01
3.642580e+02	1.387505e+01
3.652345e+02	1.379196e+01
3.662111e+02	1.381966e+01
3.671877e+02	1.387505e+01
3.681643e+02	1.390274e+01
3.691408e+02	1.387505e+01
3.701174e+02	1.387505e+01
3.710940e+02	1.381966e+01
3.720705e+02	1.387505e+01
3.730471e+02	1.387505e+01
3.740237e+02	1.381966e+01
3.750002e+02	1.379196e+01
3.759768e+02	1.379196e+01
3.769534e+02	1.381966e+01
3.779300e+02	1.379196e+01
3.789065e+02	1.381966e+01
3.798831e+02	1.376427e+01
3.808597e+02	1.379196e+01
3.818362e+02	1.373657e+01
3.828128e+02	1.379196e+01
3.837894e+02	1.381966e+01
3.847659e+02	1.381966e+01
3.857425e+02	1.370888e+01
3.867191e+02	1.381966e+01
3.876956e+02	1.384735e+01
3.886722e+02	1.390274e+01
3.896488e+02	1.390274e+01
3.906254e+02	1.390274e+01
3.916019e+02	1.387505e+01
3.925785e+02	1.390274e+01
3.935551e+02	1.390274e+01
3.945316e+02	1.401352e+01
3.955082e+02	1.401352e+01
3.964848e+02	1.401352e+01
3.974613e+02	1.401352e+01
3.984379e+02	1.393044e+01
3.994145e+02	1.387505e+01
4.003911e+02	1.387505e+01
4.013676e+02	1.381966e+01
4.023442e+02	1.379196e+01
4.033208e+02	1.384735e+01
4.042973e+02	1.387505e+01
4.052739e+02	1.387505e+01
4.062505e+02	1.387505e+01
4.072270e+02	1.393044e+01
4.082036e+02	1.393044e+01
4.091802e+02	1.393044e+01
4.101568e+02	1.406891e+01
4.111333e+02	1.393044e+01
4.121099e+02	1.398583e+01
4.130865e+02	1.398583e+01
4.140630e+02	1.393044e+01
4.150396e+02	1.401352e+01
4.160162e+02	1.401352e+01
4.169927e+02	1.398583e+01
4.179693e+02	1.393044e+01
4.189459e+02	1.395813e+01
4.199225e+02	1.387505e+01
4.208990e+02	1.381966e+01
4.218756e+02	1.381966e+01
4.228522e+02	1.387505e+01
4.238287e+02	1.387505e+01
4.248053e+02	1.384735e+01
4.257819e+02	1.381966e+01
4.267584e+02	1.387505e+01
4.277350e+02	1.390274e+01
4.287116e+02	1.390274e+01
4.296882e+02	1.401352e+01
4.306647e+02	1.406891e+01
4.316413e+02	1.404122e+01
4.326179e+02	1.401352e+01
4.335944e+02	1.401352e+01
4.345710e+02	1.412430e+01
4.355476e+02	1.412430e+01
4.365241e+02	1.409660e+01
4.375007e+02	1.406891e+01
4.384773e+02	1.406891e+01
4.394539e+02	1.401352e+01
4.404304e+02	1.393044e+01
4.414070e+02	1.395813e+01
4.423836e+02	1.393044e+01
4.433601e+02	1.387505e+01
4.443367e+02	1.398583e+01
4.453133e+02	1.401352e+01
4.462898e+02	1.395813e+01
4.472664e+02	1.412430e+01
4.482430e+02	1.409660e+01
4.492196e+02	1.415199e+01
4.501961e+02	1.415199e+01
4.511727e+02	1.401352e+01
4.521493e+02	1.398583e+01
4.531258e+02	1.412430e+01
4.541024e+02	1.409660e+01
4.550790e+02	1.417969e+01
4.560555e+02	1.417969e+01
4.570321e+02	1.415199e+01
4.580087e+02	1.420738e+01
4.589853e+02	1.417969e+01
4.599618e+02	1.406891e+01
4.609384e+02	1.404122e+01
4.619150e+02	1.393044e+01
4.628915e+02	1.401352e+01
4.638681e+02	1.395813e+01
4.648447e+02	1.409660e+01
4.658212e+02	1.404122e+01
4.667978e+02	1.398583e+01
4.677744e+02	1.404122e+01
4.687510e+02	1.401352e+01
4.697275e+02	1.404122e+01
4.707041e+02	1.409660e+01
4.716807e+02	1.398583e+01
4.726572e+02	1.406891e+01
4.736338e+02	1.404122e+01
4.746104e+02	1.406891e+01
4.755869e+02	1.412430e+01
4.765635e+02	1.412430e+01
4.775401e+02	1.398583e+01
4.785167e+02	1.409660e+01
4.794932e+02	1.406891e+01
4.804698e+02	1.409660e+01
4.814464e+02	1.409660e+01
4.824229e+02	1.393044e+01
4.833995e+02	1.398583e+01
4.843761e+02	1.395813e+01
4.853526e+02	1.390274e+01
4.863292e+02	1.393044e+01
4.873058e+02	1.393044e+01
4.882824e+02	1.398583e+01
4.892589e+02	1.398583e+01
4.902355e+02	1.390274e+01
4.912121e+02	1.393044e+01
4.921886e+02	1.381966e+01
4.931652e+02	1.348732e+01
4.941418e+02	-7.781974e+00
4.951183e+02	-1.910876e+00
4.960949e+02	3.794175e+00
4.970715e+02	9.942399e+00
4.980481e+02	1.639527e+01
4.990246e+02	2.234963e+01
