实验仪器为布鲁克AFM，所用模式为peak force QNM in air，扫描范围（scan size）为50nm×50nm，压电陶瓷总位移为2500nm，下压力为3uN。
AFM探针型号为DDESP-V2，所测材料为二维cof薄膜，基底为铜网，此时将铜网放置在干净的硅片上，进行测试。以下数据为随着探针下压，探针所受力的变化。
    um         	uN
2.490236e+00	5.150940e+00
2.480470e+00	5.142645e+00
2.470704e+00	5.153705e+00
2.460939e+00	5.156470e+00
2.451173e+00	5.159235e+00
2.441407e+00	5.153705e+00
2.431641e+00	5.156470e+00
2.421876e+00	5.150940e+00
2.412110e+00	5.148175e+00
2.402344e+00	5.148175e+00
2.392579e+00	5.139881e+00
2.382813e+00	5.145410e+00
2.373047e+00	5.139881e+00
2.363282e+00	5.134351e+00
2.353516e+00	5.126056e+00
2.343750e+00	5.117762e+00
2.333984e+00	5.117762e+00
2.324219e+00	5.112232e+00
2.314453e+00	5.103937e+00
2.304687e+00	5.098408e+00
2.294922e+00	5.087348e+00
2.285156e+00	5.084583e+00
2.275390e+00	5.073524e+00
2.265625e+00	5.070759e+00
2.255859e+00	5.062464e+00
2.246093e+00	5.062464e+00
2.236327e+00	5.056935e+00
2.226562e+00	5.043110e+00
2.216796e+00	5.037581e+00
2.207030e+00	5.032051e+00
2.197265e+00	5.029286e+00
2.187499e+00	5.023756e+00
2.177733e+00	5.018227e+00
2.167968e+00	5.007167e+00
2.158202e+00	4.998873e+00
2.148436e+00	4.998873e+00
2.138670e+00	4.987813e+00
2.128905e+00	4.985048e+00
2.119139e+00	4.976754e+00
2.109373e+00	4.976754e+00
2.099608e+00	4.962929e+00
2.089842e+00	4.960164e+00
2.080076e+00	4.960164e+00
2.070311e+00	4.951870e+00
2.060545e+00	4.943575e+00
2.050779e+00	4.940810e+00
2.041013e+00	4.935281e+00
2.031248e+00	4.929751e+00
2.021482e+00	4.926987e+00
2.011716e+00	4.918692e+00
2.001951e+00	4.910397e+00
1.992185e+00	4.904868e+00
1.982419e+00	4.899337e+00
1.972654e+00	4.896573e+00
1.962888e+00	4.891043e+00
1.953122e+00	4.882749e+00
1.943356e+00	4.874454e+00
1.933591e+00	4.868924e+00
1.923825e+00	4.863394e+00
1.914059e+00	4.857864e+00
1.904294e+00	4.857864e+00
1.894528e+00	4.849570e+00
1.884763e+00	4.849570e+00
1.874997e+00	4.838511e+00
1.865231e+00	4.838511e+00
1.855466e+00	4.830216e+00
1.845700e+00	4.827451e+00
1.835935e+00	4.821921e+00
1.826169e+00	4.813627e+00
1.816403e+00	4.808097e+00
1.806638e+00	4.802567e+00
1.796872e+00	4.799802e+00
1.787107e+00	4.785978e+00
1.777341e+00	4.788743e+00
1.767576e+00	4.780448e+00
1.757810e+00	4.774919e+00
1.748044e+00	4.772154e+00
1.738279e+00	4.766624e+00
1.728513e+00	4.755565e+00
1.718748e+00	4.752800e+00
1.708982e+00	4.752800e+00
1.699216e+00	4.744505e+00
1.689451e+00	4.738975e+00
1.679685e+00	4.730681e+00
1.669920e+00	4.727916e+00
1.660154e+00	4.719621e+00
1.650389e+00	4.714092e+00
1.640623e+00	4.708562e+00
1.630857e+00	4.700267e+00
1.621092e+00	4.689208e+00
1.611326e+00	4.686443e+00
1.601561e+00	4.680913e+00
1.591795e+00	4.672619e+00
1.582029e+00	4.664324e+00
1.572264e+00	4.661560e+00
1.562498e+00	4.658794e+00
1.552733e+00	4.644970e+00
1.542967e+00	4.633911e+00
1.533201e+00	4.631146e+00
1.523436e+00	4.622851e+00
1.513670e+00	4.617322e+00
1.503905e+00	4.622851e+00
1.494139e+00	4.609027e+00
1.484374e+00	4.595203e+00
1.474608e+00	4.592438e+00
1.464842e+00	4.586908e+00
1.455077e+00	4.578613e+00
1.445311e+00	4.575849e+00
1.435546e+00	4.562024e+00
1.425780e+00	4.556494e+00
1.416014e+00	4.550965e+00
1.406249e+00	4.542670e+00
1.396483e+00	4.531611e+00
1.386718e+00	4.523316e+00
1.376952e+00	4.517786e+00
1.367187e+00	4.506727e+00
1.357421e+00	4.495667e+00
1.347655e+00	4.492902e+00
1.337890e+00	4.479078e+00
1.328124e+00	4.476314e+00
1.318359e+00	4.459724e+00
1.308593e+00	4.456959e+00
1.298827e+00	4.443135e+00
1.289062e+00	4.426546e+00
1.279296e+00	4.415486e+00
1.269531e+00	4.401662e+00
1.259765e+00	4.387838e+00
1.250000e+00	4.371248e+00
1.240234e+00	4.357425e+00
1.230468e+00	4.346365e+00
1.220703e+00	4.329776e+00
1.210937e+00	4.304892e+00
1.201172e+00	4.293832e+00
1.191406e+00	4.285538e+00
1.181640e+00	4.268949e+00
1.171875e+00	4.255125e+00
1.162109e+00	4.238535e+00
1.152344e+00	4.230240e+00
1.142578e+00	4.210887e+00
1.132812e+00	4.188768e+00
1.123047e+00	4.166649e+00
1.113281e+00	4.144530e+00
1.103516e+00	4.130706e+00
1.093750e+00	4.116881e+00
1.083985e+00	4.097527e+00
1.074219e+00	4.080938e+00
1.064453e+00	4.067114e+00
1.054688e+00	4.050525e+00
1.044922e+00	4.025641e+00
1.035157e+00	4.011817e+00
1.025391e+00	3.995227e+00
1.015625e+00	3.978638e+00
1.005860e+00	3.967579e+00
9.960943e-01	3.962049e+00
9.863287e-01	3.948225e+00
9.765631e-01	3.923341e+00
9.667975e-01	3.909517e+00
9.570319e-01	3.901222e+00
9.472663e-01	3.890163e+00
9.375007e-01	3.873573e+00
9.277350e-01	3.856984e+00
9.179694e-01	3.840395e+00
9.082037e-01	3.821041e+00
8.984381e-01	3.798922e+00
8.886724e-01	3.776803e+00
8.789068e-01	3.760214e+00
8.691412e-01	3.743625e+00
8.593755e-01	3.732565e+00
8.496099e-01	3.721506e+00
8.398442e-01	3.704917e+00
8.300786e-01	3.688328e+00
8.203129e-01	3.666209e+00
8.105473e-01	3.646855e+00
8.007817e-01	3.627501e+00
7.910160e-01	3.610911e+00
7.812504e-01	3.583263e+00
7.714847e-01	3.558379e+00
7.617191e-01	3.533495e+00
7.519535e-01	3.514141e+00
7.421878e-01	3.492022e+00
7.324222e-01	3.464374e+00
7.226565e-01	3.456079e+00
7.128909e-01	3.428430e+00
7.031252e-01	3.406311e+00
6.933596e-01	3.389722e+00
6.835940e-01	3.373133e+00
6.738283e-01	3.345484e+00
6.640627e-01	3.323365e+00
6.542970e-01	3.298482e+00
6.445314e-01	3.270833e+00
6.347657e-01	3.251479e+00
6.250001e-01	3.229360e+00
6.152345e-01	3.204477e+00
6.054688e-01	3.179593e+00
5.957032e-01	3.163003e+00
5.859375e-01	3.146414e+00
5.761719e-01	3.124295e+00
5.664062e-01	3.104941e+00
5.566406e-01	3.091117e+00
5.468750e-01	3.074528e+00
5.371093e-01	3.060704e+00
5.273437e-01	3.046879e+00
5.175780e-01	3.027525e+00
5.078124e-01	3.002642e+00
4.980467e-01	2.994347e+00
4.882811e-01	2.961169e+00
4.785155e-01	2.941815e+00
4.687498e-01	2.916931e+00
4.589842e-01	2.900341e+00
4.492186e-01	2.878222e+00
4.394530e-01	2.856103e+00
4.296874e-01	2.847809e+00
4.199218e-01	2.825690e+00
4.101562e-01	2.803571e+00
4.003905e-01	2.786982e+00
3.906249e-01	2.770393e+00
3.808593e-01	2.762098e+00
3.710937e-01	2.734450e+00
3.613281e-01	2.717861e+00
3.515625e-01	2.706801e+00
3.417969e-01	2.684682e+00
3.320312e-01	2.670858e+00
3.222656e-01	2.654269e+00
3.125000e-01	2.632150e+00
3.027344e-01	2.618325e+00
2.929688e-01	2.604501e+00
2.832032e-01	2.585147e+00
2.734376e-01	2.571323e+00
2.636720e-01	2.560263e+00
2.539063e-01	2.557498e+00
2.441407e-01	2.540909e+00
2.343751e-01	2.518790e+00
2.246095e-01	2.502201e+00
2.148438e-01	2.485612e+00
2.050782e-01	2.471788e+00
1.953126e-01	2.452434e+00
1.855470e-01	2.444139e+00
1.757813e-01	2.430315e+00
1.660157e-01	2.419255e+00
1.562501e-01	2.408196e+00
1.464844e-01	2.394371e+00
1.367188e-01	2.380547e+00
1.269532e-01	2.369488e+00
1.171876e-01	2.355663e+00
1.074219e-01	2.336309e+00
9.765630e-02	2.328015e+00
8.789067e-02	2.316955e+00
7.812504e-02	2.300366e+00
6.835941e-02	2.283777e+00
5.859379e-02	2.278247e+00
4.882816e-02	2.261658e+00
3.906254e-02	2.258893e+00
2.929691e-02	2.250599e+00
1.953129e-02	2.242304e+00
9.765664e-03	2.217420e+00
3.907985e-08	2.211890e+00
