实验仪器为布鲁克AFM，所用模式为peak force QNM in air，扫描范围（scan size）为50nm×50nm，压电陶瓷总位移为3500nm，下压力为3uN。
AFM探针型号为DDESP-V2，所测材料为二维cof薄膜，基底为铜网，此时将铜网放置在干净的硅片上，进行测试。以下数据为随着探针下压，探针所受力的变化。
    um         	uN
3.486339e+00	3.552849e+00
3.472667e+00	3.563909e+00
3.458995e+00	3.583263e+00
3.445324e+00	3.597087e+00
3.431652e+00	3.597087e+00
3.417980e+00	3.599852e+00
3.404308e+00	3.597087e+00
3.390636e+00	3.605382e+00
3.376964e+00	3.599852e+00
3.363292e+00	3.602617e+00
3.349620e+00	3.608146e+00
3.335948e+00	3.591557e+00
3.322276e+00	3.602617e+00
3.308604e+00	3.594322e+00
3.294932e+00	3.594322e+00
3.281260e+00	3.591557e+00
3.267588e+00	3.594322e+00
3.253916e+00	3.588792e+00
3.240244e+00	3.588792e+00
3.226572e+00	3.586028e+00
3.212900e+00	3.580498e+00
3.199228e+00	3.580498e+00
3.185556e+00	3.577733e+00
3.171884e+00	3.574968e+00
3.158212e+00	3.572203e+00
3.144540e+00	3.572203e+00
3.130868e+00	3.563909e+00
3.117196e+00	3.572203e+00
3.103524e+00	3.563909e+00
3.089852e+00	3.561144e+00
3.076180e+00	3.561144e+00
3.062508e+00	3.555614e+00
3.048836e+00	3.552849e+00
3.035164e+00	3.550084e+00
3.021492e+00	3.547319e+00
3.007820e+00	3.544554e+00
2.994148e+00	3.539025e+00
2.980476e+00	3.533495e+00
2.966804e+00	3.533495e+00
2.953132e+00	3.527965e+00
2.939460e+00	3.516906e+00
2.925788e+00	3.514141e+00
2.912116e+00	3.508611e+00
2.898444e+00	3.500317e+00
2.884772e+00	3.483728e+00
2.871100e+00	3.486492e+00
2.857428e+00	3.472668e+00
2.843756e+00	3.461609e+00
2.830084e+00	3.450549e+00
2.816412e+00	3.439490e+00
2.802740e+00	3.428430e+00
2.789069e+00	3.414606e+00
2.775397e+00	3.403547e+00
2.761725e+00	3.392487e+00
2.748053e+00	3.373133e+00
2.734381e+00	3.356544e+00
2.720709e+00	3.345484e+00
2.707037e+00	3.326131e+00
2.693365e+00	3.306776e+00
2.679693e+00	3.292952e+00
2.666021e+00	3.270833e+00
2.652349e+00	3.254244e+00
2.638677e+00	3.234890e+00
2.625005e+00	3.223831e+00
2.611333e+00	3.196182e+00
2.597661e+00	3.179593e+00
2.583989e+00	3.160239e+00
2.570317e+00	3.135355e+00
2.556645e+00	3.110471e+00
2.542973e+00	3.102176e+00
2.529301e+00	3.074528e+00
2.515629e+00	3.049644e+00
2.501957e+00	3.030290e+00
2.488285e+00	3.019231e+00
2.474613e+00	2.988817e+00
2.460941e+00	2.955639e+00
2.447269e+00	2.944579e+00
2.433597e+00	2.916931e+00
2.419925e+00	2.894812e+00
2.406253e+00	2.880987e+00
2.392581e+00	2.864398e+00
2.378909e+00	2.836749e+00
2.365237e+00	2.820160e+00
2.351565e+00	2.803571e+00
2.337893e+00	2.786982e+00
2.324221e+00	2.770393e+00
2.310549e+00	2.756568e+00
2.296877e+00	2.723390e+00
2.283205e+00	2.704036e+00
2.269533e+00	2.687447e+00
2.255861e+00	2.665328e+00
2.242189e+00	2.632150e+00
2.228517e+00	2.601736e+00
2.214845e+00	2.579617e+00
2.201173e+00	2.546439e+00
2.187501e+00	2.507731e+00
2.173829e+00	2.502201e+00
2.160157e+00	2.485612e+00
2.146485e+00	2.466258e+00
2.132814e+00	2.446904e+00
2.119142e+00	2.427550e+00
2.105470e+00	2.410961e+00
2.091798e+00	2.391607e+00
2.078126e+00	2.380547e+00
2.064454e+00	2.363958e+00
2.050782e+00	2.341839e+00
2.037110e+00	2.325250e+00
2.023438e+00	2.297601e+00
2.009766e+00	2.278247e+00
1.996094e+00	2.250599e+00
1.982422e+00	2.242304e+00
1.968750e+00	2.222950e+00
1.955078e+00	2.203596e+00
1.941406e+00	2.192536e+00
1.927734e+00	2.170417e+00
1.914062e+00	2.151064e+00
1.900390e+00	2.131710e+00
1.886718e+00	2.120650e+00
1.873046e+00	2.109591e+00
1.859374e+00	2.087472e+00
1.845703e+00	2.068118e+00
1.832031e+00	2.043234e+00
1.818359e+00	2.015585e+00
1.804687e+00	1.976877e+00
1.791015e+00	1.954758e+00
1.777343e+00	1.938169e+00
1.763671e+00	1.916050e+00
1.749999e+00	1.913285e+00
1.736328e+00	1.896696e+00
1.722656e+00	1.877342e+00
1.708984e+00	1.844164e+00
1.695312e+00	1.822045e+00
1.681640e+00	1.802691e+00
1.667968e+00	1.794396e+00
1.654296e+00	1.777807e+00
1.640625e+00	1.763983e+00
1.626953e+00	1.747394e+00
1.613281e+00	1.725275e+00
1.599609e+00	1.708685e+00
1.585937e+00	1.700391e+00
1.572265e+00	1.678272e+00
1.558593e+00	1.669977e+00
1.544921e+00	1.647858e+00
1.531250e+00	1.631269e+00
1.517578e+00	1.617445e+00
1.503906e+00	1.603621e+00
1.490234e+00	1.587031e+00
1.476562e+00	1.575972e+00
1.462890e+00	1.553853e+00
1.449218e+00	1.540029e+00
1.435547e+00	1.515145e+00
1.421875e+00	1.501321e+00
1.408203e+00	1.484731e+00
1.394531e+00	1.473672e+00
1.380859e+00	1.451553e+00
1.367187e+00	1.440494e+00
1.353515e+00	1.415610e+00
1.339843e+00	1.393491e+00
1.326172e+00	1.371372e+00
1.312500e+00	1.354783e+00
1.298828e+00	1.340959e+00
1.285156e+00	1.329899e+00
1.271484e+00	1.318840e+00
1.257812e+00	1.296721e+00
1.244140e+00	1.274602e+00
1.230469e+00	1.269072e+00
1.216797e+00	1.255248e+00
1.203125e+00	1.241424e+00
1.189453e+00	1.222069e+00
1.175781e+00	1.205480e+00
1.162109e+00	1.164007e+00
1.148437e+00	1.105945e+00
1.134766e+00	1.089356e+00
1.121094e+00	1.067237e+00
1.107422e+00	1.050648e+00
1.093750e+00	1.034059e+00
1.080078e+00	1.017470e+00
1.066406e+00	1.000881e+00
1.052734e+00	9.787616e-01
1.039062e+00	9.594075e-01
1.025391e+00	9.041103e-01
1.011719e+00	8.930508e-01
9.980469e-01	8.875211e-01
9.843750e-01	8.764616e-01
9.707031e-01	8.681670e-01
9.570313e-01	8.571076e-01
9.433594e-01	8.460481e-01
9.296875e-01	8.266941e-01
9.160157e-01	8.045752e-01
9.023438e-01	7.907508e-01
8.886719e-01	7.769265e-01
8.750001e-01	7.686319e-01
8.613282e-01	7.520428e-01
8.476563e-01	7.437482e-01
8.339845e-01	7.243942e-01
8.203126e-01	7.133347e-01
8.066407e-01	6.995104e-01
7.929689e-01	6.829212e-01
7.792970e-01	6.690969e-01
7.656251e-01	6.552726e-01
7.519533e-01	6.773915e-01
7.382814e-01	7.078050e-01
7.246095e-01	6.856861e-01
7.109377e-01	6.580374e-01
6.972658e-01	6.469780e-01
6.835940e-01	6.469780e-01
6.699221e-01	6.442131e-01
6.562502e-01	6.386834e-01
6.425784e-01	6.331537e-01
6.289065e-01	6.303888e-01
6.152346e-01	6.248591e-01
6.015628e-01	6.220942e-01
5.878909e-01	6.165645e-01
5.742190e-01	6.082699e-01
5.605472e-01	6.055050e-01
5.468753e-01	5.999753e-01
5.332034e-01	5.944456e-01
5.195316e-01	5.861510e-01
5.058597e-01	5.778564e-01
4.921878e-01	5.723267e-01
4.785160e-01	5.695618e-01
4.648441e-01	5.667969e-01
4.511722e-01	5.612672e-01
4.375004e-01	5.585023e-01
4.238285e-01	5.557375e-01
4.101566e-01	5.667969e-01
3.964848e-01	5.640321e-01
3.828129e-01	5.557375e-01
3.691410e-01	5.502077e-01
3.554692e-01	5.474429e-01
3.417973e-01	5.363835e-01
3.281255e-01	5.308538e-01
3.144536e-01	5.308538e-01
3.007817e-01	5.253240e-01
2.871099e-01	5.142646e-01
2.734380e-01	5.087348e-01
2.597661e-01	5.059700e-01
2.460943e-01	5.059700e-01
2.324224e-01	5.336186e-01
2.187505e-01	5.474429e-01
2.050786e-01	5.363835e-01
1.914067e-01	5.308538e-01
1.777349e-01	5.253240e-01
1.640630e-01	5.225592e-01
1.503911e-01	5.197943e-01
1.367192e-01	5.142646e-01
1.230473e-01	5.142646e-01
1.093755e-01	5.142646e-01
9.570360e-02	5.087348e-01
8.203173e-02	5.087348e-01
6.835985e-02	5.059700e-01
5.468798e-02	4.976754e-01
4.101610e-02	4.810862e-01
2.734422e-02	4.700267e-01
1.367235e-02	4.672619e-01
4.742873e-07	5.004403e-01
