实验仪器为布鲁克AFM，所用模式为peak force QNM in air，扫描范围（scan size）为50nm×50nm，压电陶瓷总位移为6000nm，下压力为10uN。
AFM探针型号为DDESP-V2，所测材料为二维cof薄膜，基底为铜网，此时将铜网放置在干净的硅片上，进行测试。以下数据为随着探针下压，探针所受力的变化。
    nm         	uN
4.980454e+02	1.869048e+00
4.960923e+02	1.863518e+00
4.941392e+02	1.866283e+00
4.921860e+02	1.863518e+00
4.902329e+02	1.863518e+00
4.882797e+02	1.863518e+00
4.863266e+02	1.863518e+00
4.843735e+02	1.863518e+00
4.824203e+02	1.860753e+00
4.804672e+02	1.857988e+00
4.785140e+02	1.857988e+00
4.765609e+02	1.857988e+00
4.746078e+02	1.857988e+00
4.726547e+02	1.855223e+00
4.707016e+02	1.855223e+00
4.687485e+02	1.857988e+00
4.667954e+02	1.857988e+00
4.648423e+02	1.860753e+00
4.628891e+02	1.863518e+00
4.609360e+02	1.863518e+00
4.589829e+02	1.866283e+00
4.570298e+02	1.869048e+00
4.550767e+02	1.869048e+00
4.531236e+02	1.871812e+00
4.511705e+02	1.874577e+00
4.492174e+02	1.877342e+00
4.472643e+02	1.880107e+00
4.453111e+02	1.880107e+00
4.433580e+02	1.882872e+00
4.414049e+02	1.882872e+00
4.394518e+02	1.885637e+00
4.374987e+02	1.888402e+00
4.355456e+02	1.891166e+00
4.335925e+02	1.893931e+00
4.316394e+02	1.893931e+00
4.296863e+02	1.896696e+00
4.277331e+02	1.896696e+00
4.257800e+02	1.896696e+00
4.238269e+02	1.899461e+00
4.218738e+02	1.902226e+00
4.199207e+02	1.902226e+00
4.179676e+02	1.904991e+00
4.160145e+02	1.904991e+00
4.140614e+02	1.907756e+00
4.121082e+02	1.910520e+00
4.101551e+02	1.913285e+00
4.082020e+02	1.913285e+00
4.062489e+02	1.916050e+00
4.042958e+02	1.916050e+00
4.023427e+02	1.918815e+00
4.003896e+02	1.918815e+00
3.984365e+02	1.921580e+00
3.964834e+02	1.924345e+00
3.945302e+02	1.924345e+00
3.925771e+02	1.924345e+00
3.906240e+02	1.927109e+00
3.886709e+02	1.929875e+00
3.867178e+02	1.932639e+00
3.847647e+02	1.932639e+00
3.828116e+02	1.932639e+00
3.808585e+02	1.932639e+00
3.789054e+02	1.935404e+00
3.769522e+02	1.935404e+00
3.749991e+02	1.938169e+00
3.730460e+02	1.940934e+00
3.710929e+02	1.940934e+00
3.691398e+02	1.943699e+00
3.671867e+02	1.946464e+00
3.652336e+02	1.946464e+00
3.632805e+02	1.946464e+00
3.613274e+02	1.949228e+00
3.593742e+02	1.951993e+00
3.574211e+02	1.954758e+00
3.554680e+02	1.957523e+00
3.535149e+02	1.960288e+00
3.515618e+02	1.963053e+00
3.496087e+02	1.963053e+00
3.476556e+02	1.965818e+00
3.457025e+02	1.971347e+00
3.437493e+02	1.968583e+00
3.417962e+02	1.971347e+00
3.398431e+02	1.971347e+00
3.378900e+02	1.974112e+00
3.359369e+02	1.979642e+00
3.339838e+02	1.979642e+00
3.320307e+02	1.979642e+00
3.300776e+02	1.982407e+00
3.281245e+02	1.985172e+00
3.261713e+02	1.987937e+00
3.242182e+02	1.987937e+00
3.222651e+02	1.990702e+00
3.203120e+02	1.993466e+00
3.183589e+02	1.996231e+00
3.164058e+02	1.998996e+00
3.144527e+02	2.001761e+00
3.124996e+02	2.001761e+00
3.105465e+02	2.004526e+00
3.085933e+02	2.007291e+00
3.066402e+02	2.007291e+00
3.046871e+02	2.007291e+00
3.027340e+02	2.010056e+00
3.007809e+02	2.012820e+00
2.988278e+02	2.012820e+00
2.968747e+02	2.012820e+00
2.949216e+02	2.018350e+00
2.929685e+02	2.018350e+00
2.910153e+02	2.021115e+00
2.890622e+02	2.026645e+00
2.871091e+02	2.029410e+00
2.851560e+02	2.032175e+00
2.832029e+02	2.032175e+00
2.812498e+02	2.034939e+00
2.792967e+02	2.037704e+00
2.773436e+02	2.040469e+00
2.753904e+02	2.043234e+00
2.734373e+02	2.045999e+00
2.714842e+02	2.048763e+00
2.695311e+02	2.048763e+00
2.675780e+02	2.054293e+00
2.656249e+02	2.057058e+00
2.636718e+02	2.059823e+00
2.617187e+02	2.059823e+00
2.597656e+02	2.059823e+00
2.578124e+02	2.062588e+00
2.558593e+02	2.065353e+00
2.539062e+02	2.068118e+00
2.519531e+02	2.068118e+00
2.500000e+02	2.070882e+00
2.480469e+02	2.073647e+00
2.460938e+02	2.076412e+00
2.441407e+02	2.081942e+00
2.421876e+02	2.084707e+00
2.402344e+02	2.084707e+00
2.382813e+02	2.090237e+00
2.363282e+02	2.093001e+00
2.343751e+02	2.098531e+00
2.324219e+02	2.104061e+00
2.304688e+02	2.104061e+00
2.285157e+02	2.109591e+00
2.265626e+02	2.112356e+00
2.246094e+02	2.115120e+00
2.226563e+02	2.115120e+00
2.207032e+02	2.117885e+00
2.187501e+02	2.120650e+00
2.167969e+02	2.123415e+00
2.148438e+02	2.126180e+00
2.128907e+02	2.126180e+00
2.109376e+02	2.128945e+00
2.089844e+02	2.128945e+00
2.070313e+02	2.131710e+00
2.050782e+02	2.131710e+00
2.031251e+02	2.134474e+00
2.011719e+02	2.134474e+00
1.992188e+02	2.137239e+00
1.972657e+02	2.140004e+00
1.953126e+02	2.145534e+00
1.933594e+02	2.148299e+00
1.914063e+02	2.151064e+00
1.894532e+02	2.153829e+00
1.875000e+02	2.159358e+00
1.855469e+02	2.162123e+00
1.835938e+02	2.164888e+00
1.816407e+02	2.170417e+00
1.796875e+02	2.175947e+00
1.777344e+02	2.175947e+00
1.757813e+02	2.178712e+00
1.738282e+02	2.184242e+00
1.718750e+02	2.189772e+00
1.699219e+02	2.195301e+00
1.679688e+02	2.192536e+00
1.660157e+02	2.195301e+00
1.640625e+02	2.192536e+00
1.621094e+02	2.195301e+00
1.601563e+02	2.192536e+00
1.582032e+02	2.192536e+00
1.562500e+02	2.189772e+00
1.542969e+02	2.192536e+00
1.523438e+02	2.189772e+00
1.503907e+02	2.192536e+00
1.484375e+02	2.189772e+00
1.464844e+02	2.192536e+00
1.445313e+02	2.192536e+00
1.425782e+02	2.195301e+00
1.406250e+02	2.192536e+00
1.386719e+02	2.192536e+00
1.367188e+02	2.192536e+00
1.347657e+02	2.189772e+00
1.328125e+02	2.195301e+00
1.308594e+02	2.195301e+00
1.289063e+02	2.192536e+00
1.269532e+02	2.192536e+00
1.250000e+02	2.192536e+00
1.230469e+02	2.195301e+00
1.210938e+02	2.192536e+00
1.191407e+02	2.192536e+00
1.171875e+02	2.192536e+00
1.152344e+02	2.189772e+00
1.132813e+02	2.192536e+00
1.113281e+02	2.195301e+00
1.093750e+02	2.195301e+00
1.074219e+02	2.195301e+00
1.054688e+02	2.195301e+00
1.035156e+02	2.198066e+00
1.015625e+02	2.195301e+00
9.960939e+01	2.198066e+00
9.765627e+01	2.195301e+00
9.570314e+01	2.200831e+00
9.375002e+01	2.198066e+00
9.179689e+01	2.198066e+00
8.984377e+01	2.200831e+00
8.789064e+01	2.198066e+00
8.593751e+01	2.200831e+00
8.398439e+01	2.195301e+00
8.203126e+01	2.200831e+00
8.007814e+01	2.200831e+00
7.812501e+01	2.198066e+00
7.617189e+01	2.200831e+00
7.421876e+01	2.198066e+00
7.226564e+01	2.200831e+00
7.031251e+01	2.200831e+00
6.835938e+01	2.200831e+00
6.640626e+01	2.203596e+00
6.445313e+01	2.203596e+00
6.250001e+01	2.198066e+00
6.054688e+01	2.200831e+00
5.859376e+01	2.198066e+00
5.664063e+01	2.198066e+00
5.468750e+01	2.195301e+00
5.273438e+01	2.198066e+00
5.078125e+01	2.200831e+00
4.882813e+01	2.200831e+00
4.687500e+01	2.200831e+00
4.492188e+01	2.200831e+00
4.296875e+01	2.200831e+00
4.101562e+01	2.198066e+00
3.906250e+01	2.198066e+00
3.710937e+01	2.200831e+00
3.515625e+01	2.200831e+00
3.320312e+01	2.200831e+00
3.125000e+01	2.200831e+00
2.929687e+01	2.203596e+00
2.734375e+01	2.200831e+00
2.539062e+01	2.200831e+00
2.343749e+01	2.203596e+00
2.148437e+01	2.203596e+00
1.953124e+01	2.200831e+00
1.757812e+01	2.203596e+00
1.562499e+01	2.203596e+00
1.367187e+01	2.203596e+00
1.171874e+01	2.206361e+00
9.765617e+00	2.203596e+00
7.812492e+00	2.206361e+00
5.859367e+00	2.209126e+00
3.906242e+00	2.206361e+00
1.953117e+00	2.206361e+00
-7.549517e-06	2.206361e+00
