实验仪器为布鲁克AFM，所用模式为peak force QNM in air，扫描范围（scan size）为50nm×50nm，压电陶瓷总位移为3000nm，下压力为3uN。
AFM探针型号为DDESP-V2，所测材料为二维cof薄膜，基底为铜网，此时将铜网放置在干净的硅片上，进行测试。以下数据为随着探针下压，探针所受力的变化。
    um         	uN
2.988287e+00	4.241300e+00
2.976568e+00	4.238535e+00
2.964850e+00	4.255125e+00
2.953131e+00	4.257889e+00
2.941412e+00	4.260654e+00
2.929693e+00	4.263419e+00
2.917974e+00	4.268949e+00
2.906255e+00	4.266184e+00
2.894536e+00	4.260654e+00
2.882818e+00	4.266184e+00
2.871099e+00	4.263419e+00
2.859380e+00	4.260654e+00
2.847661e+00	4.255125e+00
2.835942e+00	4.255125e+00
2.824223e+00	4.252359e+00
2.812505e+00	4.244065e+00
2.800786e+00	4.241300e+00
2.789067e+00	4.241300e+00
2.777348e+00	4.230240e+00
2.765629e+00	4.221946e+00
2.753910e+00	4.227476e+00
2.742192e+00	4.216416e+00
2.730473e+00	4.216416e+00
2.718754e+00	4.216416e+00
2.707035e+00	4.210887e+00
2.695316e+00	4.208121e+00
2.683597e+00	4.199827e+00
2.671879e+00	4.202592e+00
2.660160e+00	4.191533e+00
2.648441e+00	4.194297e+00
2.636722e+00	4.194297e+00
2.625003e+00	4.186003e+00
2.613284e+00	4.180473e+00
2.601565e+00	4.180473e+00
2.589847e+00	4.174944e+00
2.578128e+00	4.169414e+00
2.566409e+00	4.163884e+00
2.554690e+00	4.166649e+00
2.542971e+00	4.161119e+00
2.531252e+00	4.155590e+00
2.519534e+00	4.152825e+00
2.507815e+00	4.150059e+00
2.496096e+00	4.141765e+00
2.484377e+00	4.136235e+00
2.472658e+00	4.139000e+00
2.460939e+00	4.136235e+00
2.449221e+00	4.125176e+00
2.437502e+00	4.125176e+00
2.425783e+00	4.119646e+00
2.414064e+00	4.119646e+00
2.402345e+00	4.111352e+00
2.390626e+00	4.108587e+00
2.378908e+00	4.108587e+00
2.367189e+00	4.097527e+00
2.355470e+00	4.094762e+00
2.343751e+00	4.091998e+00
2.332032e+00	4.089233e+00
2.320313e+00	4.086468e+00
2.308595e+00	4.075408e+00
2.296876e+00	4.072643e+00
2.285157e+00	4.069879e+00
2.273438e+00	4.061584e+00
2.261719e+00	4.061584e+00
2.250000e+00	4.047760e+00
2.238281e+00	4.047760e+00
2.226563e+00	4.044995e+00
2.214844e+00	4.033936e+00
2.203125e+00	4.025641e+00
2.191406e+00	4.022876e+00
2.179687e+00	4.011817e+00
2.167968e+00	4.000757e+00
2.156250e+00	3.997992e+00
2.144531e+00	3.986932e+00
2.132812e+00	3.981403e+00
2.121093e+00	3.964813e+00
2.109374e+00	3.962049e+00
2.097655e+00	3.948225e+00
2.085937e+00	3.931636e+00
2.074218e+00	3.917811e+00
2.062499e+00	3.909517e+00
2.050780e+00	3.887398e+00
2.039061e+00	3.868044e+00
2.027342e+00	3.854219e+00
2.015624e+00	3.832100e+00
2.003905e+00	3.818276e+00
1.992186e+00	3.807216e+00
1.980467e+00	3.790627e+00
1.968748e+00	3.771273e+00
1.957029e+00	3.754684e+00
1.945310e+00	3.738095e+00
1.933592e+00	3.724271e+00
1.921873e+00	3.693857e+00
1.910154e+00	3.655149e+00
1.898435e+00	3.619206e+00
1.886717e+00	3.591557e+00
1.874998e+00	3.569438e+00
1.863279e+00	3.539025e+00
1.851560e+00	3.516906e+00
1.839842e+00	3.497552e+00
1.828123e+00	3.478198e+00
1.816404e+00	3.456079e+00
1.804685e+00	3.428430e+00
1.792967e+00	3.403547e+00
1.781248e+00	3.367603e+00
1.769529e+00	3.348249e+00
1.757811e+00	3.326131e+00
1.746092e+00	3.304012e+00
1.734373e+00	3.284657e+00
1.722654e+00	3.254244e+00
1.710936e+00	3.229360e+00
1.699217e+00	3.204477e+00
1.687498e+00	3.187887e+00
1.675779e+00	3.165768e+00
1.664061e+00	3.146414e+00
1.652342e+00	3.124295e+00
1.640623e+00	3.107706e+00
1.628905e+00	3.088352e+00
1.617186e+00	3.055174e+00
1.605467e+00	3.027525e+00
1.593748e+00	2.994347e+00
1.582030e+00	2.977758e+00
1.570311e+00	2.961169e+00
1.558592e+00	2.944579e+00
1.546873e+00	2.919696e+00
1.535155e+00	2.894812e+00
1.523436e+00	2.861633e+00
1.511717e+00	2.839515e+00
1.499999e+00	2.828455e+00
1.488280e+00	2.803571e+00
1.476561e+00	2.786982e+00
1.464842e+00	2.773158e+00
1.453124e+00	2.739979e+00
1.441405e+00	2.720625e+00
1.429686e+00	2.668093e+00
1.417967e+00	2.643209e+00
1.406249e+00	2.626620e+00
1.394530e+00	2.612796e+00
1.382811e+00	2.596207e+00
1.371093e+00	2.585147e+00
1.359374e+00	2.565793e+00
1.347655e+00	2.546439e+00
1.335936e+00	2.532615e+00
1.324218e+00	2.504966e+00
1.312499e+00	2.488377e+00
1.300780e+00	2.477317e+00
1.289062e+00	2.449669e+00
1.277343e+00	2.430315e+00
1.265624e+00	2.419255e+00
1.253905e+00	2.405431e+00
1.242187e+00	2.388842e+00
1.230468e+00	2.377782e+00
1.218749e+00	2.355663e+00
1.207030e+00	2.336309e+00
1.195312e+00	2.325250e+00
1.183593e+00	2.303131e+00
1.171874e+00	2.289307e+00
1.160156e+00	2.269953e+00
1.148437e+00	2.258893e+00
1.136718e+00	2.247834e+00
1.124999e+00	2.231245e+00
1.113281e+00	2.214655e+00
1.101562e+00	2.211890e+00
1.089843e+00	2.200831e+00
1.078124e+00	2.175947e+00
1.066406e+00	2.159358e+00
1.054687e+00	2.137239e+00
1.042968e+00	2.117885e+00
1.031250e+00	2.101296e+00
1.019531e+00	2.079177e+00
1.007812e+00	2.062588e+00
9.960934e-01	2.040469e+00
9.843747e-01	2.018350e+00
9.726559e-01	2.010056e+00
9.609372e-01	1.987937e+00
9.492185e-01	1.979642e+00
9.374997e-01	1.965818e+00
9.257810e-01	1.946464e+00
9.140623e-01	1.935404e+00
9.023436e-01	1.913285e+00
8.906248e-01	1.902226e+00
8.789061e-01	1.896696e+00
8.671874e-01	1.882872e+00
8.554687e-01	1.866283e+00
8.437499e-01	1.852458e+00
8.320312e-01	1.830339e+00
8.203125e-01	1.816515e+00
8.085938e-01	1.805456e+00
7.968750e-01	1.786102e+00
7.851563e-01	1.761218e+00
7.734376e-01	1.755688e+00
7.617189e-01	1.739099e+00
7.500001e-01	1.719745e+00
7.382814e-01	1.700391e+00
7.265627e-01	1.686567e+00
7.148440e-01	1.672742e+00
7.031252e-01	1.664448e+00
6.914065e-01	1.642329e+00
6.796878e-01	1.625740e+00
6.679691e-01	1.603621e+00
6.562503e-01	1.592561e+00
6.445316e-01	1.578737e+00
6.328129e-01	1.562148e+00
6.210942e-01	1.556618e+00
6.093754e-01	1.537264e+00
5.976567e-01	1.523440e+00
5.859380e-01	1.509615e+00
5.742193e-01	1.495791e+00
5.625005e-01	1.479202e+00
5.507818e-01	1.459848e+00
5.390631e-01	1.434964e+00
5.273444e-01	1.421140e+00
5.156256e-01	1.404551e+00
5.039069e-01	1.390726e+00
4.921882e-01	1.376902e+00
4.804695e-01	1.365842e+00
4.687507e-01	1.346488e+00
4.570319e-01	1.343724e+00
4.453132e-01	1.318840e+00
4.335944e-01	1.305015e+00
4.218757e-01	1.291191e+00
4.101569e-01	1.274602e+00
3.984382e-01	1.255248e+00
3.867194e-01	1.235894e+00
3.750007e-01	1.227599e+00
3.632819e-01	1.202715e+00
3.515632e-01	1.188891e+00
3.398444e-01	1.164007e+00
3.281257e-01	1.150183e+00
3.164069e-01	1.139124e+00
3.046881e-01	1.117005e+00
2.929694e-01	1.103180e+00
2.812506e-01	1.086591e+00
2.695319e-01	1.064472e+00
2.578131e-01	1.039589e+00
2.460944e-01	1.022999e+00
2.343756e-01	1.003645e+00
2.226569e-01	9.842913e-01
2.109381e-01	9.649373e-01
1.992194e-01	9.538778e-01
1.875006e-01	9.400535e-01
1.757818e-01	9.234643e-01
1.640631e-01	9.124049e-01
1.523443e-01	8.958157e-01
1.406256e-01	8.736968e-01
1.289068e-01	8.543427e-01
1.171881e-01	8.460481e-01
1.054693e-01	8.349887e-01
9.375057e-02	8.156346e-01
8.203182e-02	8.073400e-01
7.031306e-02	7.907508e-01
5.859431e-02	7.796914e-01
4.687556e-02	7.603374e-01
3.515681e-02	7.548077e-01
2.343806e-02	7.409834e-01
1.171931e-02	7.299239e-01
5.613288e-07	7.105699e-01
