实验仪器为布鲁克AFM，所用模式为peak force QNM in air，扫描范围（scan size）为50nm×50nm，压电陶瓷总位移为2000nm，下压力为3uN。
AFM探针型号为DDESP-V2，所测材料为二维cof薄膜，基底为铜网，此时将铜网放置在干净的硅片上，进行测试。以下数据为随着探针下压，探针所受力的变化。 
   um         	uN
1.992182e+00	5.665205e+00
1.984369e+00	5.662440e+00
1.976557e+00	5.673499e+00
1.968744e+00	5.673499e+00
1.960932e+00	5.665205e+00
1.953119e+00	5.662440e+00
1.945306e+00	5.662440e+00
1.937494e+00	5.662440e+00
1.929681e+00	5.654145e+00
1.921869e+00	5.654145e+00
1.914056e+00	5.656910e+00
1.906244e+00	5.648616e+00
1.898431e+00	5.651380e+00
1.890619e+00	5.648616e+00
1.882806e+00	5.634791e+00
1.874994e+00	5.634791e+00
1.867181e+00	5.632026e+00
1.859369e+00	5.629262e+00
1.851557e+00	5.623731e+00
1.843744e+00	5.615437e+00
1.835932e+00	5.615437e+00
1.828119e+00	5.598848e+00
1.820307e+00	5.601612e+00
1.812494e+00	5.590553e+00
1.804682e+00	5.582259e+00
1.796869e+00	5.579494e+00
1.789057e+00	5.573964e+00
1.781245e+00	5.571199e+00
1.773432e+00	5.557375e+00
1.765620e+00	5.557375e+00
1.757807e+00	5.551845e+00
1.749995e+00	5.540786e+00
1.742182e+00	5.532491e+00
1.734370e+00	5.526962e+00
1.726557e+00	5.521432e+00
1.718745e+00	5.510372e+00
1.710933e+00	5.502078e+00
1.703120e+00	5.504843e+00
1.695308e+00	5.491018e+00
1.687495e+00	5.479959e+00
1.679683e+00	5.482724e+00
1.671870e+00	5.471664e+00
1.664058e+00	5.466135e+00
1.656245e+00	5.457840e+00
1.648433e+00	5.455075e+00
1.640621e+00	5.444016e+00
1.632808e+00	5.435721e+00
1.624996e+00	5.430191e+00
1.617183e+00	5.424662e+00
1.609371e+00	5.419132e+00
1.601558e+00	5.410837e+00
1.593746e+00	5.408072e+00
1.585933e+00	5.402543e+00
1.578121e+00	5.394248e+00
1.570309e+00	5.385954e+00
1.562496e+00	5.374894e+00
1.554684e+00	5.369364e+00
1.546871e+00	5.369364e+00
1.539059e+00	5.358305e+00
1.531246e+00	5.355540e+00
1.523434e+00	5.352775e+00
1.515621e+00	5.344481e+00
1.507809e+00	5.341716e+00
1.499997e+00	5.333421e+00
1.492184e+00	5.325126e+00
1.484372e+00	5.327891e+00
1.476559e+00	5.314067e+00
1.468747e+00	5.303008e+00
1.460934e+00	5.305772e+00
1.453122e+00	5.300243e+00
1.445309e+00	5.289183e+00
1.437497e+00	5.280889e+00
1.429685e+00	5.283654e+00
1.421872e+00	5.278124e+00
1.414060e+00	5.269829e+00
1.406247e+00	5.258770e+00
1.398435e+00	5.253240e+00
1.390622e+00	5.250475e+00
1.382810e+00	5.244945e+00
1.374997e+00	5.236651e+00
1.367185e+00	5.231121e+00
1.359373e+00	5.225591e+00
1.351560e+00	5.217297e+00
1.343748e+00	5.214532e+00
1.335935e+00	5.206237e+00
1.328123e+00	5.200708e+00
1.320310e+00	5.200708e+00
1.312498e+00	5.184118e+00
1.304685e+00	5.184118e+00
1.296873e+00	5.173059e+00
1.289060e+00	5.175824e+00
1.281248e+00	5.167529e+00
1.273436e+00	5.162000e+00
1.265623e+00	5.150940e+00
1.257811e+00	5.142645e+00
1.249998e+00	5.145410e+00
1.242186e+00	5.137116e+00
1.234373e+00	5.128821e+00
1.226561e+00	5.128821e+00
1.218748e+00	5.126056e+00
1.210936e+00	5.114997e+00
1.203124e+00	5.109467e+00
1.195311e+00	5.109467e+00
1.187499e+00	5.098408e+00
1.179686e+00	5.090113e+00
1.171874e+00	5.090113e+00
1.164061e+00	5.087348e+00
1.156249e+00	5.073524e+00
1.148436e+00	5.067994e+00
1.140624e+00	5.070759e+00
1.132812e+00	5.056935e+00
1.124999e+00	5.051405e+00
1.117187e+00	5.048640e+00
1.109374e+00	5.048640e+00
1.101562e+00	5.040346e+00
1.093749e+00	5.029286e+00
1.085937e+00	5.026521e+00
1.078124e+00	5.023756e+00
1.070312e+00	5.012697e+00
1.062500e+00	5.007167e+00
1.054687e+00	5.004402e+00
1.046875e+00	4.998873e+00
1.039062e+00	4.993343e+00
1.031250e+00	4.985048e+00
1.023437e+00	4.985048e+00
1.015625e+00	4.976754e+00
1.007812e+00	4.971224e+00
1.000000e+00	4.968459e+00
9.921876e-01	4.957400e+00
9.843751e-01	4.954635e+00
9.765627e-01	4.946340e+00
9.687502e-01	4.940810e+00
9.609378e-01	4.932516e+00
9.531253e-01	4.924221e+00
9.453128e-01	4.921456e+00
9.375003e-01	4.913162e+00
9.296878e-01	4.910397e+00
9.218753e-01	4.902102e+00
9.140628e-01	4.899337e+00
9.062502e-01	4.888278e+00
8.984377e-01	4.888278e+00
8.906252e-01	4.882749e+00
8.828127e-01	4.871689e+00
8.750002e-01	4.863394e+00
8.671877e-01	4.857864e+00
8.593752e-01	4.852335e+00
8.515627e-01	4.844040e+00
8.437502e-01	4.835746e+00
8.359377e-01	4.832981e+00
8.281252e-01	4.824686e+00
8.203127e-01	4.813627e+00
8.125002e-01	4.816392e+00
8.046877e-01	4.802567e+00
7.968752e-01	4.788743e+00
7.890627e-01	4.788743e+00
7.812502e-01	4.780448e+00
7.734377e-01	4.769389e+00
7.656252e-01	4.761094e+00
7.578127e-01	4.752800e+00
7.500002e-01	4.738975e+00
7.421877e-01	4.730681e+00
7.343752e-01	4.722386e+00
7.265627e-01	4.716856e+00
7.187502e-01	4.703032e+00
7.109377e-01	4.697503e+00
7.031252e-01	4.686443e+00
6.953127e-01	4.675384e+00
6.875002e-01	4.669854e+00
6.796877e-01	4.656029e+00
6.718752e-01	4.653265e+00
6.640627e-01	4.642206e+00
6.562502e-01	4.631146e+00
6.484377e-01	4.617322e+00
6.406252e-01	4.609027e+00
6.328127e-01	4.597968e+00
6.250002e-01	4.586908e+00
6.171877e-01	4.578613e+00
6.093751e-01	4.553730e+00
6.015626e-01	4.545435e+00
5.937501e-01	4.531611e+00
5.859376e-01	4.515021e+00
5.781251e-01	4.498433e+00
5.703126e-01	4.487373e+00
5.625001e-01	4.479078e+00
5.546876e-01	4.462489e+00
5.468751e-01	4.454195e+00
5.390626e-01	4.445900e+00
5.312501e-01	4.429311e+00
5.234376e-01	4.415486e+00
5.156251e-01	4.404427e+00
5.078126e-01	4.387838e+00
5.000001e-01	4.374014e+00
4.921876e-01	4.365719e+00
4.843751e-01	4.351895e+00
4.765626e-01	4.340835e+00
4.687501e-01	4.321481e+00
4.609376e-01	4.307657e+00
4.531251e-01	4.296597e+00
4.453126e-01	4.271713e+00
4.375001e-01	4.255125e+00
4.296876e-01	4.244065e+00
4.218751e-01	4.227476e+00
4.140626e-01	4.216416e+00
4.062501e-01	4.210887e+00
3.984376e-01	4.197062e+00
3.906251e-01	4.174944e+00
3.828126e-01	4.163884e+00
3.750001e-01	4.158354e+00
3.671876e-01	4.150059e+00
3.593751e-01	4.136235e+00
3.515626e-01	4.125176e+00
3.437501e-01	4.105822e+00
3.359376e-01	4.094762e+00
3.281251e-01	4.083703e+00
3.203126e-01	4.067114e+00
3.125000e-01	4.053289e+00
3.046875e-01	4.042230e+00
2.968750e-01	4.036700e+00
2.890625e-01	4.028406e+00
2.812500e-01	4.014581e+00
2.734375e-01	4.009051e+00
2.656250e-01	3.989698e+00
2.578125e-01	3.973109e+00
2.500000e-01	3.967579e+00
2.421875e-01	3.956519e+00
2.343750e-01	3.939930e+00
2.265625e-01	3.920576e+00
2.187500e-01	3.912281e+00
2.109375e-01	3.906752e+00
2.031250e-01	3.892927e+00
1.953125e-01	3.887398e+00
1.875000e-01	3.879103e+00
1.796875e-01	3.868044e+00
1.718750e-01	3.856984e+00
1.640625e-01	3.845925e+00
1.562500e-01	3.834865e+00
1.484375e-01	3.829336e+00
1.406250e-01	3.815511e+00
1.328125e-01	3.798922e+00
1.250000e-01	3.787862e+00
1.171875e-01	3.782333e+00
1.093750e-01	3.768509e+00
1.015625e-01	3.760214e+00
9.374997e-02	3.754684e+00
8.593747e-02	3.738095e+00
7.812497e-02	3.724271e+00
7.031247e-02	3.713211e+00
6.249996e-02	3.693857e+00
5.468747e-02	3.682798e+00
4.687497e-02	3.677268e+00
3.906247e-02	3.663444e+00
3.124997e-02	3.657914e+00
2.343747e-02	3.655149e+00
1.562497e-02	3.635795e+00
7.812470e-03	3.633030e+00
-3.019807e-08	3.619206e+00
