    nm         	nN
2.988282e+02	4.351539e+01
2.976564e+02	4.190019e+01
2.964845e+02	4.023749e+01
2.953126e+02	3.845602e+01
2.941407e+02	3.641326e+01
2.929688e+02	3.439426e+01
2.917969e+02	3.230400e+01
2.906251e+02	3.033251e+01
2.894532e+02	2.831351e+01
2.882813e+02	2.619950e+01
2.871094e+02	3.038001e+01
2.859375e+02	3.361042e+01
2.847656e+02	3.361042e+01
2.835937e+02	3.368167e+01
2.824219e+02	3.368167e+01
2.812500e+02	3.365792e+01
2.800781e+02	3.368167e+01
2.789062e+02	3.370543e+01
2.777343e+02	3.370543e+01
2.765624e+02	3.382419e+01
2.753906e+02	3.382419e+01
2.742187e+02	3.375293e+01
2.730468e+02	3.380044e+01
2.718749e+02	3.380044e+01
2.707030e+02	3.377669e+01
2.695311e+02	3.372918e+01
2.683593e+02	3.377669e+01
2.671874e+02	3.372918e+01
2.660155e+02	3.370543e+01
2.648436e+02	3.375293e+01
2.636717e+02	3.377669e+01
2.624998e+02	3.368167e+01
2.613280e+02	3.377669e+01
2.601561e+02	3.377669e+01
2.589842e+02	3.377669e+01
2.578123e+02	3.380044e+01
2.566404e+02	3.389545e+01
2.554685e+02	3.380044e+01
2.542967e+02	3.377669e+01
2.531248e+02	3.380044e+01
2.519529e+02	3.389545e+01
2.507810e+02	3.380044e+01
2.496091e+02	3.368167e+01
2.484372e+02	3.372918e+01
2.472653e+02	3.372918e+01
2.460935e+02	3.370543e+01
2.449216e+02	3.368167e+01
2.437497e+02	3.375293e+01
2.425778e+02	3.370543e+01
2.414059e+02	3.370543e+01
2.402340e+02	3.384794e+01
2.390622e+02	3.372918e+01
2.378903e+02	3.365792e+01
2.367184e+02	3.356291e+01
2.355466e+02	3.363417e+01
2.343747e+02	3.358666e+01
2.332028e+02	3.365792e+01
2.320309e+02	3.368167e+01
2.308591e+02	3.363417e+01
2.296872e+02	3.365792e+01
2.285153e+02	3.368167e+01
2.273435e+02	3.363417e+01
2.261716e+02	3.361042e+01
2.249997e+02	3.353916e+01
2.238279e+02	3.358666e+01
2.226560e+02	3.351540e+01
2.214841e+02	3.349165e+01
2.203122e+02	3.361042e+01
2.191404e+02	3.351540e+01
2.179685e+02	3.346790e+01
2.167966e+02	3.356291e+01
2.156248e+02	3.356291e+01
2.144529e+02	3.361042e+01
2.132810e+02	3.342039e+01
2.121092e+02	3.349165e+01
2.109373e+02	3.346790e+01
2.097654e+02	3.344415e+01
2.085935e+02	3.346790e+01
2.074217e+02	3.344415e+01
2.062498e+02	3.342039e+01
2.050779e+02	3.344415e+01
2.039061e+02	3.344415e+01
2.027342e+02	3.346790e+01
2.015623e+02	3.334913e+01
2.003905e+02	3.332538e+01
1.992186e+02	3.325412e+01
1.980467e+02	3.320661e+01
1.968749e+02	3.323037e+01
1.957030e+02	3.332538e+01
1.945311e+02	3.337288e+01
1.933592e+02	3.327787e+01
1.921874e+02	3.330162e+01
1.910155e+02	3.330162e+01
1.898436e+02	3.323037e+01
1.886718e+02	3.320661e+01
1.874999e+02	3.318286e+01
1.863280e+02	3.320661e+01
1.851562e+02	3.323037e+01
1.839843e+02	3.323037e+01
1.828124e+02	3.327787e+01
1.816405e+02	3.325412e+01
1.804687e+02	3.320661e+01
1.792968e+02	3.323037e+01
1.781249e+02	3.327787e+01
1.769531e+02	3.320661e+01
1.757812e+02	3.318286e+01
1.746093e+02	3.313536e+01
1.734375e+02	3.308785e+01
1.722656e+02	3.320661e+01
1.710937e+02	3.320661e+01
1.699218e+02	3.320661e+01
1.687500e+02	3.323037e+01
1.675781e+02	3.320661e+01
1.664062e+02	3.320661e+01
1.652344e+02	3.318286e+01
1.640625e+02	3.311160e+01
1.628906e+02	3.311160e+01
1.617188e+02	3.304034e+01
1.605469e+02	3.301659e+01
1.593750e+02	3.311160e+01
1.582032e+02	3.308785e+01
1.570313e+02	3.311160e+01
1.558594e+02	3.311160e+01
1.546875e+02	3.311160e+01
1.535157e+02	3.308785e+01
1.523438e+02	3.301659e+01
1.511719e+02	3.301659e+01
1.500001e+02	3.301659e+01
1.488282e+02	3.313536e+01
1.476563e+02	3.313536e+01
1.464845e+02	3.306410e+01
1.453126e+02	3.304034e+01
1.441407e+02	3.311160e+01
1.429688e+02	3.311160e+01
1.417970e+02	3.308785e+01
1.406251e+02	3.299284e+01
1.394532e+02	3.301659e+01
1.382814e+02	3.301659e+01
1.371095e+02	3.296908e+01
1.359376e+02	3.301659e+01
1.347658e+02	3.304034e+01
1.335939e+02	3.296908e+01
1.324220e+02	3.296908e+01
1.312501e+02	3.296908e+01
1.300783e+02	3.304034e+01
1.289064e+02	3.301659e+01
1.277345e+02	3.282657e+01
1.265627e+02	3.282657e+01
1.253908e+02	3.285032e+01
1.242189e+02	3.282657e+01
1.230471e+02	3.280281e+01
1.218752e+02	3.282657e+01
1.207033e+02	3.277906e+01
1.195314e+02	3.280281e+01
1.183596e+02	3.287407e+01
1.171877e+02	3.287407e+01
1.160158e+02	3.277906e+01
1.148439e+02	3.277906e+01
1.136721e+02	3.268405e+01
1.125002e+02	3.275531e+01
1.113283e+02	3.270780e+01
1.101564e+02	3.277906e+01
1.089846e+02	3.273155e+01
1.078127e+02	3.280281e+01
1.066408e+02	3.275531e+01
1.054689e+02	3.273155e+01
1.042971e+02	3.266030e+01
1.031252e+02	3.268405e+01
1.019533e+02	3.268405e+01
1.007814e+02	3.268405e+01
9.960954e+01	3.268405e+01
9.843767e+01	3.275531e+01
9.726579e+01	3.275531e+01
9.609391e+01	3.277906e+01
9.492204e+01	3.277906e+01
9.375016e+01	3.287407e+01
9.257828e+01	3.277906e+01
9.140641e+01	3.268405e+01
9.023453e+01	3.273155e+01
8.906265e+01	3.263655e+01
8.789078e+01	3.263655e+01
8.671890e+01	3.270780e+01
8.554702e+01	3.275531e+01
8.437515e+01	3.273155e+01
8.320327e+01	3.254153e+01
8.203139e+01	3.249403e+01
8.085951e+01	3.147265e+01
7.968764e+01	3.220899e+01
7.851576e+01	3.334913e+01
7.734388e+01	3.396671e+01
7.617201e+01	3.270780e+01
7.500013e+01	3.258904e+01
7.382825e+01	3.258904e+01
7.265638e+01	3.258904e+01
7.148450e+01	3.258904e+01
7.031262e+01	3.261279e+01
6.914075e+01	3.261279e+01
6.796887e+01	3.254153e+01
6.679699e+01	3.249403e+01
6.562512e+01	3.244652e+01
6.445324e+01	3.239902e+01
6.328136e+01	3.247028e+01
6.210949e+01	3.254153e+01
6.093761e+01	3.254153e+01
5.976573e+01	3.256529e+01
5.859386e+01	3.254153e+01
5.742199e+01	3.254153e+01
5.625011e+01	3.261279e+01
5.507824e+01	3.244652e+01
5.390637e+01	3.247028e+01
5.273449e+01	3.244652e+01
5.156262e+01	3.237526e+01
5.039075e+01	3.249403e+01
4.921887e+01	3.256529e+01
4.804700e+01	3.254153e+01
4.687513e+01	3.251778e+01
4.570325e+01	3.256529e+01
4.453138e+01	3.256529e+01
4.335951e+01	3.242277e+01
4.218763e+01	3.242277e+01
4.101576e+01	3.235151e+01
3.984389e+01	3.237526e+01
3.867201e+01	3.239902e+01
3.750014e+01	3.242277e+01
3.632827e+01	3.244652e+01
3.515639e+01	3.239902e+01
3.398452e+01	3.244652e+01
3.281265e+01	3.247028e+01
3.164077e+01	3.251778e+01
3.046890e+01	3.242277e+01
2.929703e+01	3.232775e+01
2.812515e+01	3.230400e+01
2.695328e+01	3.232775e+01
2.578140e+01	3.239902e+01
2.460953e+01	3.230400e+01
2.343765e+01	3.230400e+01
2.226578e+01	3.230400e+01
2.109390e+01	3.230400e+01
1.992202e+01	3.235151e+01
1.875015e+01	3.223274e+01
1.757827e+01	3.220899e+01
1.640640e+01	3.211398e+01
1.523452e+01	3.223274e+01
1.406265e+01	3.220899e+01
1.289077e+01	3.232775e+01
1.171890e+01	3.237526e+01
1.054702e+01	3.232775e+01
9.375150e+00	3.225650e+01
8.203275e+00	3.232775e+01
7.031399e+00	3.232775e+01
5.859524e+00	3.216148e+01
4.687649e+00	3.220899e+01
3.515774e+00	3.218524e+01
2.343899e+00	3.223274e+01
1.172024e+00	3.225650e+01
1.494360e-04	3.232775e+01
