    nm         	nN
0.000000e+00	2.508311e+01
1.953124e+00	2.515437e+01
3.906249e+00	2.501185e+01
5.859373e+00	2.498810e+01
7.812497e+00	2.498810e+01
9.765621e+00	2.508311e+01
1.171875e+01	2.513061e+01
1.367187e+01	2.508311e+01
1.562499e+01	2.520187e+01
1.757812e+01	2.515437e+01
1.953124e+01	2.517812e+01
2.148436e+01	2.522563e+01
2.343749e+01	2.520187e+01
2.539061e+01	2.520187e+01
2.734374e+01	2.524938e+01
2.929686e+01	2.515437e+01
3.124999e+01	2.510686e+01
3.320311e+01	2.510686e+01
3.515624e+01	2.520187e+01
3.710936e+01	2.517812e+01
3.906249e+01	2.524938e+01
4.101561e+01	2.524938e+01
4.296874e+01	2.529688e+01
4.492187e+01	2.522563e+01
4.687499e+01	2.522563e+01
4.882812e+01	2.527313e+01
5.078124e+01	2.532064e+01
5.273437e+01	2.524938e+01
5.468749e+01	2.539189e+01
5.664062e+01	2.536814e+01
5.859374e+01	2.539189e+01
6.054687e+01	2.539189e+01
6.249999e+01	2.541565e+01
6.445312e+01	2.541565e+01
6.640624e+01	2.532064e+01
6.835937e+01	2.536814e+01
7.031250e+01	2.541565e+01
7.226562e+01	2.541565e+01
7.421875e+01	2.543940e+01
7.617187e+01	2.546316e+01
7.812500e+01	2.553442e+01
8.007812e+01	2.555817e+01
8.203125e+01	2.562943e+01
8.398438e+01	2.562943e+01
8.593750e+01	2.548691e+01
8.789063e+01	2.546316e+01
8.984375e+01	2.553442e+01
9.179688e+01	2.551066e+01
9.375000e+01	2.553442e+01
9.570313e+01	2.562943e+01
9.765625e+01	2.562943e+01
9.960938e+01	2.567693e+01
1.015625e+02	2.579570e+01
1.035156e+02	2.579570e+01
1.054688e+02	2.572444e+01
1.074219e+02	2.567693e+01
1.093750e+02	2.579570e+01
1.113281e+02	2.577194e+01
1.132813e+02	2.574819e+01
1.152344e+02	2.574819e+01
1.171875e+02	2.581945e+01
1.191406e+02	2.579570e+01
1.210938e+02	2.581945e+01
1.230469e+02	2.581945e+01
1.250000e+02	2.581945e+01
1.269531e+02	2.567693e+01
1.289063e+02	2.577194e+01
1.308594e+02	2.579570e+01
1.328125e+02	2.586695e+01
1.347656e+02	2.593821e+01
1.367188e+02	2.603323e+01
1.386719e+02	2.600947e+01
1.406250e+02	2.600947e+01
1.425781e+02	2.600947e+01
1.445313e+02	2.598572e+01
1.464844e+02	2.591446e+01
1.484375e+02	2.584320e+01
1.503906e+02	2.593821e+01
1.523438e+02	2.591446e+01
1.542969e+02	2.591446e+01
1.562500e+02	2.600947e+01
1.582032e+02	2.598572e+01
1.601563e+02	2.600947e+01
1.621094e+02	2.598572e+01
1.640625e+02	2.608073e+01
1.660157e+02	2.608073e+01
1.679688e+02	2.605698e+01
1.699219e+02	2.598572e+01
1.718750e+02	2.603323e+01
1.738282e+02	2.608073e+01
1.757813e+02	2.612824e+01
1.777344e+02	2.612824e+01
1.796875e+02	2.615199e+01
1.816407e+02	2.615199e+01
1.835938e+02	2.624700e+01
1.855469e+02	2.622325e+01
1.875000e+02	2.615199e+01
1.894532e+02	2.615199e+01
1.914063e+02	2.622325e+01
1.933594e+02	2.622325e+01
1.953125e+02	2.624700e+01
1.972657e+02	2.636577e+01
1.992188e+02	2.631826e+01
2.011719e+02	2.629451e+01
2.031250e+02	2.629451e+01
2.050782e+02	2.634201e+01
2.070313e+02	2.619950e+01
2.089844e+02	2.615199e+01
2.109375e+02	2.612824e+01
2.128907e+02	2.617574e+01
2.148438e+02	2.619950e+01
2.167969e+02	2.638952e+01
2.187500e+02	2.636577e+01
2.207032e+02	2.631826e+01
2.226563e+02	2.634201e+01
2.246094e+02	2.641327e+01
2.265625e+02	2.636577e+01
2.285157e+02	2.634201e+01
2.304688e+02	2.636577e+01
2.324219e+02	2.648453e+01
2.343751e+02	2.643703e+01
2.363282e+02	2.648453e+01
2.382813e+02	2.653204e+01
2.402344e+02	2.655579e+01
2.421875e+02	2.646078e+01
2.441406e+02	2.657954e+01
2.460937e+02	2.655579e+01
2.480469e+02	2.648453e+01
2.500000e+02	2.638952e+01
2.519531e+02	2.646078e+01
2.539062e+02	2.643703e+01
2.558593e+02	2.646078e+01
2.578124e+02	2.650829e+01
2.597655e+02	2.657954e+01
2.617186e+02	2.657954e+01
2.636718e+02	2.657954e+01
2.656249e+02	2.665080e+01
2.675780e+02	2.660330e+01
2.695311e+02	2.648453e+01
2.714842e+02	2.655579e+01
2.734373e+02	2.660330e+01
2.753904e+02	2.662705e+01
2.773435e+02	2.665080e+01
2.792966e+02	2.667456e+01
2.812498e+02	2.669831e+01
2.832029e+02	2.667456e+01
2.851560e+02	2.672206e+01
2.871091e+02	2.674582e+01
2.890622e+02	2.667456e+01
2.910153e+02	2.665080e+01
2.929684e+02	2.657954e+01
2.949215e+02	2.667456e+01
2.968746e+02	2.674582e+01
2.988278e+02	2.679332e+01
3.007809e+02	2.676957e+01
3.027340e+02	2.674582e+01
3.046871e+02	2.681707e+01
3.066402e+02	2.681707e+01
3.085933e+02	2.674582e+01
3.105464e+02	2.672206e+01
3.124995e+02	2.674582e+01
3.144526e+02	2.672206e+01
3.164058e+02	2.674582e+01
3.183589e+02	2.681707e+01
3.203120e+02	2.688833e+01
3.222651e+02	2.688833e+01
3.242182e+02	2.695959e+01
3.261713e+02	2.698334e+01
3.281244e+02	2.710211e+01
3.300775e+02	2.698334e+01
3.320307e+02	2.698334e+01
3.339838e+02	2.707836e+01
3.359369e+02	2.700710e+01
3.378900e+02	2.707836e+01
3.398431e+02	2.714961e+01
3.417962e+02	2.710211e+01
3.437493e+02	2.703085e+01
3.457024e+02	2.712586e+01
3.476555e+02	2.722087e+01
3.496087e+02	2.719712e+01
3.515618e+02	2.710211e+01
3.535149e+02	2.712586e+01
3.554680e+02	2.710211e+01
3.574211e+02	2.714961e+01
3.593742e+02	2.719712e+01
3.613273e+02	2.722087e+01
3.632804e+02	2.724463e+01
3.652335e+02	2.726838e+01
3.671867e+02	2.731589e+01
3.691398e+02	2.731589e+01
3.710929e+02	2.724463e+01
3.730460e+02	2.724463e+01
3.749991e+02	2.722087e+01
3.769522e+02	2.719712e+01
3.789053e+02	2.726838e+01
3.808584e+02	2.726838e+01
3.828115e+02	2.726838e+01
3.847647e+02	2.733964e+01
3.867178e+02	2.738714e+01
3.886709e+02	2.738714e+01
3.906240e+02	2.731589e+01
3.925771e+02	2.729213e+01
3.945302e+02	2.731589e+01
3.964833e+02	2.733964e+01
3.984364e+02	2.733964e+01
4.003896e+02	2.748216e+01
4.023427e+02	2.743465e+01
4.042958e+02	2.743465e+01
4.062489e+02	2.750591e+01
4.082020e+02	2.750591e+01
4.101551e+02	2.748216e+01
4.121082e+02	2.745840e+01
4.140613e+02	2.750591e+01
4.160144e+02	2.750591e+01
4.179676e+02	2.755341e+01
4.199207e+02	2.760092e+01
4.218738e+02	2.760092e+01
4.238269e+02	2.752966e+01
4.257800e+02	2.760092e+01
4.277331e+02	2.764843e+01
4.296862e+02	2.767218e+01
4.316393e+02	2.755341e+01
4.335924e+02	2.752966e+01
4.355456e+02	2.752966e+01
4.374987e+02	2.767218e+01
4.394518e+02	2.769593e+01
4.414049e+02	2.771969e+01
4.433580e+02	2.781470e+01
4.453111e+02	2.774344e+01
4.472642e+02	2.783845e+01
4.492173e+02	2.788596e+01
4.511705e+02	2.783845e+01
4.531236e+02	2.781470e+01
4.550767e+02	2.779094e+01
4.570298e+02	2.776719e+01
4.589829e+02	2.779094e+01
4.609360e+02	2.786220e+01
4.628891e+02	2.788596e+01
4.648422e+02	2.795721e+01
4.667953e+02	2.790971e+01
4.687485e+02	2.793346e+01
4.707016e+02	2.793346e+01
4.726547e+02	2.790971e+01
4.746078e+02	2.788596e+01
4.765609e+02	2.786220e+01
4.785140e+02	2.795721e+01
4.804672e+02	2.802847e+01
4.824203e+02	2.802847e+01
4.843735e+02	2.798097e+01
4.863266e+02	2.795721e+01
4.882797e+02	2.802847e+01
4.902329e+02	2.805223e+01
4.921860e+02	2.638952e+01
4.941392e+02	2.522563e+01
4.960923e+02	2.859854e+01
4.980454e+02	3.185270e+01
