    nm         	nN
0.000000e+00	7.204267e+01
1.171875e+00	7.192391e+01
2.343750e+00	7.178139e+01
3.515625e+00	7.090254e+01
4.687500e+00	7.180515e+01
5.859375e+00	7.206643e+01
7.031250e+00	7.130633e+01
8.203124e+00	7.007118e+01
9.374999e+00	7.095004e+01
1.054687e+01	7.104505e+01
1.171875e+01	7.083128e+01
1.289062e+01	7.021370e+01
1.406250e+01	7.083128e+01
1.523437e+01	7.078377e+01
1.640625e+01	6.997617e+01
1.757812e+01	7.111631e+01
1.875000e+01	7.030872e+01
1.992187e+01	7.004743e+01
2.109375e+01	6.999992e+01
2.226562e+01	7.002367e+01
2.343750e+01	6.990491e+01
2.460937e+01	7.004743e+01
2.578125e+01	6.992867e+01
2.695312e+01	6.921608e+01
2.812500e+01	6.904980e+01
2.929687e+01	6.954862e+01
3.046875e+01	6.945361e+01
3.164062e+01	6.952487e+01
3.281249e+01	6.909731e+01
3.398437e+01	6.959612e+01
3.515624e+01	6.904980e+01
3.632811e+01	6.940610e+01
3.749999e+01	6.883603e+01
3.867186e+01	6.923982e+01
3.984373e+01	6.862225e+01
4.101561e+01	6.859850e+01
4.218748e+01	6.926358e+01
4.335935e+01	6.890729e+01
4.453123e+01	6.864600e+01
4.570310e+01	6.928734e+01
4.687497e+01	6.900230e+01
4.804685e+01	6.852724e+01
4.921872e+01	6.850348e+01
5.039059e+01	6.921608e+01
5.156247e+01	6.850348e+01
5.273434e+01	6.840848e+01
5.390621e+01	6.812344e+01
5.507809e+01	6.876477e+01
5.624996e+01	6.824221e+01
5.742183e+01	6.852724e+01
5.859371e+01	6.878852e+01
5.976558e+01	6.824221e+01
6.093746e+01	6.786216e+01
6.210934e+01	6.826595e+01
6.328121e+01	6.859850e+01
6.445309e+01	6.798093e+01
6.562497e+01	6.767213e+01
6.679684e+01	6.845598e+01
6.796872e+01	6.850348e+01
6.914060e+01	6.779090e+01
7.031247e+01	6.750587e+01
7.148435e+01	6.833722e+01
7.265623e+01	6.767213e+01
7.382810e+01	6.817095e+01
7.499998e+01	6.817095e+01
7.617186e+01	6.807593e+01
7.734373e+01	6.743461e+01
7.851561e+01	6.840848e+01
7.968749e+01	6.933485e+01
8.085937e+01	6.876477e+01
8.203124e+01	6.790966e+01
8.320312e+01	6.862225e+01
8.437500e+01	6.833722e+01
8.554687e+01	6.769589e+01
8.671875e+01	6.874102e+01
8.789063e+01	6.866976e+01
8.906250e+01	6.798093e+01
9.023438e+01	6.866976e+01
9.140626e+01	6.857475e+01
9.257813e+01	6.888353e+01
9.375001e+01	6.836098e+01
9.492189e+01	6.859850e+01
9.609376e+01	6.878852e+01
9.726564e+01	6.783841e+01
9.843752e+01	6.855100e+01
9.960939e+01	6.862225e+01
1.007813e+02	6.893104e+01
1.019531e+02	6.817095e+01
1.031250e+02	6.885978e+01
1.042969e+02	6.933485e+01
1.054688e+02	6.935859e+01
1.066407e+02	6.928734e+01
1.078125e+02	6.909731e+01
1.089844e+02	6.874102e+01
1.101563e+02	6.890729e+01
1.113282e+02	6.912106e+01
1.125000e+02	6.964363e+01
1.136719e+02	6.866976e+01
1.148438e+02	6.938235e+01
1.160157e+02	6.938235e+01
1.171875e+02	6.935859e+01
1.183594e+02	6.909731e+01
1.195313e+02	6.912106e+01
1.207032e+02	6.912106e+01
1.218750e+02	7.011869e+01
1.230469e+02	6.995241e+01
1.242188e+02	6.992867e+01
1.253906e+02	6.909731e+01
1.265625e+02	6.900230e+01
1.277344e+02	6.995241e+01
1.289063e+02	6.947736e+01
1.300781e+02	6.976239e+01
1.312500e+02	6.966739e+01
1.324219e+02	6.983365e+01
1.335937e+02	6.933485e+01
1.347656e+02	6.931109e+01
1.359375e+02	7.002367e+01
1.371093e+02	6.945361e+01
1.382812e+02	6.988116e+01
1.394531e+02	6.980990e+01
1.406249e+02	7.052249e+01
1.417968e+02	6.985741e+01
1.429687e+02	7.002367e+01
1.441406e+02	7.028496e+01
1.453124e+02	7.018995e+01
1.464843e+02	6.988116e+01
1.476562e+02	7.142510e+01
1.488280e+02	7.171013e+01
1.499999e+02	7.102130e+01
1.511718e+02	7.154386e+01
1.523436e+02	7.092629e+01
1.535155e+02	7.095004e+01
1.546874e+02	7.128259e+01
1.558593e+02	7.159137e+01
1.570311e+02	7.163888e+01
1.582030e+02	7.135385e+01
1.593749e+02	7.095004e+01
1.605467e+02	7.166263e+01
1.617186e+02	7.152011e+01
1.628905e+02	7.114006e+01
1.640623e+02	7.173389e+01
1.652342e+02	7.187641e+01
1.664061e+02	7.147261e+01
1.675780e+02	7.166263e+01
1.687498e+02	7.232772e+01
1.699217e+02	7.168638e+01
1.710936e+02	7.201892e+01
1.722654e+02	7.206643e+01
1.734373e+02	7.239897e+01
1.746092e+02	7.247023e+01
1.757810e+02	7.201892e+01
1.769529e+02	7.244648e+01
1.781248e+02	7.218519e+01
1.792966e+02	7.133008e+01
1.804685e+02	7.178139e+01
1.816404e+02	7.237522e+01
1.828123e+02	7.130633e+01
1.839841e+02	7.147261e+01
1.851560e+02	7.194767e+01
1.863279e+02	7.171013e+01
1.874997e+02	7.156762e+01
1.886716e+02	7.204267e+01
1.898435e+02	7.273152e+01
1.910153e+02	7.230395e+01
1.921872e+02	7.263650e+01
1.933591e+02	7.225646e+01
1.945310e+02	7.318282e+01
1.957028e+02	7.306405e+01
1.968747e+02	7.313531e+01
1.980466e+02	7.377664e+01
1.992184e+02	7.304030e+01
2.003903e+02	7.299279e+01
2.015622e+02	7.330159e+01
2.027340e+02	7.361037e+01
2.039059e+02	7.332534e+01
2.050778e+02	7.382415e+01
2.062497e+02	7.296904e+01
2.074215e+02	7.311156e+01
2.085934e+02	7.372913e+01
2.097653e+02	7.403793e+01
2.109371e+02	7.391916e+01
2.121090e+02	7.408543e+01
2.132809e+02	7.420419e+01
2.144527e+02	7.460800e+01
2.156246e+02	7.429921e+01
2.167965e+02	7.444172e+01
2.179683e+02	7.460800e+01
2.191402e+02	7.591441e+01
2.203121e+02	7.429921e+01
2.214840e+02	7.527308e+01
2.226558e+02	7.548685e+01
2.238277e+02	7.527308e+01
2.249996e+02	7.567687e+01
2.261714e+02	7.622319e+01
2.273433e+02	7.558187e+01
2.285152e+02	7.581939e+01
2.296870e+02	7.605692e+01
2.308589e+02	7.617569e+01
2.320308e+02	7.641322e+01
2.332027e+02	7.562937e+01
2.343745e+02	7.688828e+01
2.355464e+02	7.657949e+01
2.367183e+02	7.608067e+01
2.378901e+02	7.641322e+01
2.390620e+02	7.657949e+01
2.402339e+02	7.570063e+01
2.414058e+02	7.615193e+01
2.425777e+02	7.643697e+01
2.437496e+02	7.584315e+01
2.449214e+02	7.600942e+01
2.460933e+02	7.700704e+01
2.472652e+02	7.610443e+01
2.484371e+02	7.653198e+01
2.496090e+02	7.703079e+01
2.507809e+02	7.667450e+01
2.519527e+02	7.648448e+01
2.531246e+02	7.643697e+01
2.542965e+02	7.681702e+01
2.554684e+02	7.760087e+01
2.566403e+02	7.712580e+01
2.578122e+02	7.717331e+01
2.589840e+02	7.788590e+01
2.601559e+02	7.755336e+01
2.613278e+02	7.824219e+01
2.624997e+02	7.776713e+01
2.636716e+02	7.684077e+01
2.648435e+02	7.712580e+01
2.660153e+02	7.852723e+01
2.671872e+02	7.821844e+01
2.683591e+02	7.783840e+01
2.695310e+02	7.843222e+01
2.707029e+02	7.833721e+01
2.718748e+02	7.942984e+01
2.730467e+02	7.857474e+01
2.742185e+02	7.900229e+01
2.753904e+02	7.940609e+01
2.765623e+02	7.838471e+01
2.777342e+02	7.978614e+01
2.789061e+02	8.014243e+01
2.800780e+02	7.976239e+01
2.812498e+02	8.018993e+01
2.824217e+02	8.030870e+01
2.835936e+02	8.056998e+01
2.847655e+02	8.071250e+01
2.859374e+02	7.997616e+01
2.871093e+02	8.137759e+01
2.882811e+02	8.087878e+01
2.894530e+02	8.080751e+01
2.906249e+02	8.097378e+01
2.917968e+02	8.168637e+01
2.929687e+02	8.064124e+01
2.941406e+02	8.104504e+01
2.953124e+02	8.083126e+01
2.964843e+02	8.061749e+01
2.976562e+02	8.144885e+01
2.988281e+02	8.244647e+01
