    nm         	nN
3.906251e+01	6.990491e+01
4.296876e+01	6.954862e+01
4.687501e+01	6.912106e+01
5.078126e+01	6.893104e+01
5.468751e+01	6.821845e+01
5.859376e+01	6.769589e+01
6.250001e+01	6.757713e+01
6.640627e+01	6.748211e+01
7.031252e+01	6.532060e+01
7.421877e+01	6.577190e+01
7.812502e+01	6.479803e+01
8.203127e+01	6.517808e+01
8.593752e+01	6.403793e+01
8.984377e+01	6.432297e+01
9.375002e+01	6.339661e+01
9.765628e+01	6.332534e+01
1.015625e+02	6.282654e+01
1.054688e+02	6.182891e+01
1.093750e+02	6.175765e+01
1.132813e+02	6.018996e+01
1.171875e+02	6.099756e+01
1.210938e+02	6.004744e+01
1.250000e+02	6.004744e+01
1.289063e+02	5.942987e+01
1.328125e+02	5.864602e+01
1.367188e+02	5.826597e+01
1.406250e+02	5.795718e+01
1.445313e+02	5.798093e+01
1.484375e+02	5.743462e+01
1.523438e+02	5.629447e+01
1.562500e+02	5.622322e+01
1.601563e+02	5.546312e+01
1.640625e+02	5.551063e+01
1.679688e+02	5.553438e+01
1.718750e+02	5.505932e+01
1.757813e+02	5.342037e+01
1.796875e+02	5.325410e+01
1.835938e+02	5.368165e+01
1.875000e+02	5.387168e+01
1.914063e+02	5.180517e+01
1.953126e+02	5.185268e+01
1.992188e+02	5.230398e+01
2.031251e+02	5.106883e+01
2.070313e+02	5.095006e+01
2.109376e+02	5.087881e+01
2.148438e+02	4.988118e+01
2.187501e+02	4.931111e+01
2.226563e+02	4.995244e+01
2.265626e+02	5.035624e+01
2.304688e+02	4.878855e+01
2.343751e+02	4.843225e+01
2.382813e+02	4.826598e+01
2.421876e+02	4.795719e+01
2.460938e+02	4.755339e+01
2.500001e+02	4.774341e+01
2.539063e+02	4.705458e+01
2.578126e+02	4.674579e+01
2.617188e+02	4.567691e+01
2.656251e+02	4.574817e+01
2.695313e+02	4.463178e+01
2.734376e+02	4.560565e+01
2.773438e+02	4.394294e+01
2.812501e+02	4.410921e+01
2.851563e+02	4.370542e+01
2.890626e+02	4.296907e+01
2.929688e+02	4.311159e+01
2.968751e+02	4.251777e+01
3.007813e+02	4.156765e+01
3.046876e+02	4.166266e+01
3.085938e+02	4.083131e+01
3.125001e+02	4.087881e+01
3.164063e+02	3.980993e+01
3.203126e+02	3.985744e+01
3.242188e+02	3.966742e+01
3.281251e+02	3.833725e+01
3.320313e+02	3.802846e+01
3.359376e+02	3.847977e+01
3.398438e+02	3.695958e+01
3.437501e+02	3.591445e+01
3.476563e+02	3.669830e+01
3.515626e+02	3.546315e+01
3.554688e+02	3.532063e+01
3.593751e+02	3.510685e+01
3.632813e+02	3.384794e+01
3.671876e+02	3.356291e+01
3.710938e+02	3.256529e+01
3.750001e+02	3.282657e+01
3.789063e+02	3.237526e+01
3.828126e+02	3.209023e+01
3.867189e+02	3.080757e+01
3.906251e+02	3.071256e+01
3.945314e+02	3.095009e+01
3.984376e+02	2.959617e+01
4.023439e+02	2.999997e+01
4.062501e+02	2.912111e+01
4.101564e+02	2.771969e+01
4.140626e+02	2.750591e+01
4.179689e+02	2.798097e+01
4.218751e+02	2.710211e+01
4.257814e+02	2.665080e+01
4.296876e+02	2.736339e+01
4.335939e+02	2.598572e+01
4.375001e+02	2.524938e+01
4.414064e+02	2.536814e+01
4.453126e+02	2.572444e+01
4.492189e+02	2.451304e+01
4.531251e+02	2.418050e+01
4.570314e+02	2.420425e+01
4.609376e+02	2.380045e+01
4.648439e+02	2.361043e+01
4.687501e+02	2.425175e+01
4.726564e+02	2.391922e+01
4.765626e+02	2.306411e+01
4.804689e+02	2.318287e+01
4.843751e+02	2.351541e+01
4.882813e+02	2.384795e+01
4.921876e+02	2.275532e+01
4.960938e+02	2.370544e+01
5.000000e+02	2.351541e+01
5.039062e+02	2.318287e+01
5.078124e+02	2.413299e+01
5.117187e+02	2.482182e+01
5.156249e+02	2.382420e+01
5.195311e+02	2.467931e+01
5.234373e+02	2.465556e+01
5.273436e+02	2.501185e+01
5.312498e+02	2.508311e+01
5.351560e+02	2.617574e+01
5.390622e+02	2.705460e+01
5.429685e+02	2.726838e+01
5.468747e+02	2.646078e+01
5.507809e+02	2.788596e+01
5.546871e+02	2.705460e+01
5.585933e+02	2.731589e+01
5.624996e+02	2.817099e+01
5.664058e+02	2.864605e+01
5.703120e+02	2.912111e+01
5.742182e+02	2.992871e+01
5.781245e+02	3.106885e+01
5.820307e+02	3.109260e+01
5.859369e+02	3.097384e+01
5.898431e+02	3.180519e+01
5.937493e+02	3.201897e+01
5.976556e+02	3.185270e+01
6.015618e+02	3.327787e+01
6.054680e+02	3.406172e+01
6.093742e+02	3.486932e+01
6.132805e+02	3.498808e+01
6.171867e+02	3.484557e+01
6.210929e+02	3.638951e+01
6.249991e+02	3.610447e+01
6.289054e+02	3.605697e+01
6.328116e+02	3.783844e+01
6.367178e+02	3.757716e+01
6.406240e+02	3.779093e+01
6.445302e+02	3.864604e+01
6.484365e+02	3.900233e+01
6.523427e+02	3.798096e+01
6.562489e+02	3.878856e+01
6.601551e+02	3.907359e+01
6.640614e+02	3.916860e+01
6.679676e+02	3.964366e+01
6.718738e+02	3.923986e+01
6.757800e+02	4.156765e+01
6.796863e+02	4.059378e+01
6.835925e+02	4.076005e+01
6.874987e+02	4.171017e+01
6.914049e+02	4.232774e+01
6.953111e+02	4.277905e+01
6.992174e+02	4.342038e+01
7.031236e+02	4.427548e+01
7.070298e+02	4.562940e+01
7.109360e+02	4.574817e+01
7.148423e+02	4.643701e+01
7.187485e+02	4.726836e+01
7.226547e+02	4.712584e+01
7.265609e+02	4.764841e+01
7.304671e+02	4.819472e+01
7.343734e+02	4.876479e+01
7.382796e+02	4.945363e+01
7.421858e+02	5.002370e+01
7.460920e+02	5.014246e+01
7.499983e+02	5.161515e+01
7.539045e+02	5.168641e+01
7.578107e+02	5.204270e+01
7.617169e+02	5.268403e+01
7.656232e+02	5.296906e+01
7.695294e+02	5.463177e+01
7.734356e+02	5.418046e+01
7.773418e+02	5.448925e+01
7.812480e+02	5.548688e+01
7.851543e+02	5.646075e+01
7.890605e+02	5.722084e+01
7.929667e+02	5.745837e+01
7.968729e+02	5.814720e+01
8.007792e+02	5.812345e+01
8.046854e+02	5.897856e+01
8.085916e+02	5.902607e+01
8.124978e+02	5.964364e+01
8.164041e+02	5.807595e+01
8.203103e+02	5.971490e+01
8.242165e+02	6.021371e+01
8.281227e+02	5.940611e+01
8.320289e+02	5.973865e+01
8.359352e+02	6.007119e+01
8.398414e+02	5.869352e+01
8.437476e+02	5.923984e+01
8.476538e+02	5.945362e+01
8.515601e+02	5.885979e+01
8.554663e+02	6.011869e+01
8.593725e+02	6.137761e+01
8.632787e+02	6.175765e+01
8.671850e+02	6.142511e+01
8.710912e+02	6.220895e+01
8.749974e+02	6.408544e+01
8.789036e+02	6.422796e+01
8.828098e+02	6.470302e+01
8.867161e+02	6.441798e+01
8.906223e+02	6.570064e+01
8.945285e+02	6.567689e+01
8.984347e+02	6.508306e+01
9.023410e+02	6.584315e+01
9.062472e+02	6.624696e+01
9.101534e+02	6.555813e+01
9.140596e+02	6.681703e+01
9.179658e+02	6.760088e+01
9.218721e+02	6.809969e+01
9.257783e+02	6.781465e+01
9.296845e+02	6.878852e+01
9.335907e+02	6.836098e+01
9.374970e+02	6.874102e+01
9.414032e+02	6.938235e+01
9.453094e+02	7.014244e+01
9.492156e+02	7.028496e+01
9.531219e+02	7.154386e+01
9.570281e+02	7.199517e+01
9.609344e+02	7.351536e+01
9.648406e+02	7.320657e+01
9.687469e+02	7.368163e+01
9.726532e+02	7.403793e+01
9.765595e+02	7.486928e+01
9.804658e+02	7.605692e+01
9.843720e+02	7.679326e+01
9.882783e+02	7.866975e+01
9.921846e+02	7.857474e+01
9.960909e+02	7.978614e+01
