    nm         	nN
0.000000e+00	2.912111e+01
3.906249e+00	2.909736e+01
7.812498e+00	2.919237e+01
1.171875e+01	2.914486e+01
1.562500e+01	2.919237e+01
1.953125e+01	2.931113e+01
2.343750e+01	2.935864e+01
2.734375e+01	2.938239e+01
3.124999e+01	2.938239e+01
3.515624e+01	2.935864e+01
3.906249e+01	2.942990e+01
4.296874e+01	2.938239e+01
4.687498e+01	2.942990e+01
5.078123e+01	2.942990e+01
5.468748e+01	2.942990e+01
5.859373e+01	2.954866e+01
6.249998e+01	2.966743e+01
6.640623e+01	2.969118e+01
7.031248e+01	2.969118e+01
7.421873e+01	2.973868e+01
7.812498e+01	2.976244e+01
8.203124e+01	2.964367e+01
8.593749e+01	2.966743e+01
8.984374e+01	2.966743e+01
9.374999e+01	2.966743e+01
9.765624e+01	2.969118e+01
1.015625e+02	2.980994e+01
1.054687e+02	2.976244e+01
1.093750e+02	2.992871e+01
1.132812e+02	2.997622e+01
1.171875e+02	3.002372e+01
1.210937e+02	2.990496e+01
1.250000e+02	2.985745e+01
1.289063e+02	2.985745e+01
1.328125e+02	2.980994e+01
1.367188e+02	2.985745e+01
1.406250e+02	2.997622e+01
1.445313e+02	2.999997e+01
1.484375e+02	3.007122e+01
1.523438e+02	3.002372e+01
1.562500e+02	3.016624e+01
1.601563e+02	3.009498e+01
1.640625e+02	3.004747e+01
1.679688e+02	3.011873e+01
1.718750e+02	3.014248e+01
1.757813e+02	3.018999e+01
1.796875e+02	3.028500e+01
1.835938e+02	3.035626e+01
1.875000e+02	3.033251e+01
1.914063e+02	3.033251e+01
1.953125e+02	3.045127e+01
1.992188e+02	3.042752e+01
2.031250e+02	3.038001e+01
2.070313e+02	3.047503e+01
2.109375e+02	3.042752e+01
2.148438e+02	3.049878e+01
2.187500e+02	3.059379e+01
2.226563e+02	3.066505e+01
2.265625e+02	3.064130e+01
2.304688e+02	3.066505e+01
2.343750e+02	3.064130e+01
2.382813e+02	3.078381e+01
2.421875e+02	3.076006e+01
2.460938e+02	3.078381e+01
2.500000e+02	3.078381e+01
2.539063e+02	3.071256e+01
2.578125e+02	3.076006e+01
2.617188e+02	3.085507e+01
2.656250e+02	3.087883e+01
2.695313e+02	3.083132e+01
2.734375e+02	3.090258e+01
2.773438e+02	3.092633e+01
2.812500e+02	3.099759e+01
2.851563e+02	3.102134e+01
2.890625e+02	3.102134e+01
2.929688e+02	3.102134e+01
2.968750e+02	3.102134e+01
3.007813e+02	3.116386e+01
3.046875e+02	3.109260e+01
3.085938e+02	3.116386e+01
3.125000e+02	3.114011e+01
3.164063e+02	3.121137e+01
3.203126e+02	3.123512e+01
3.242188e+02	3.130638e+01
3.281251e+02	3.130638e+01
3.320313e+02	3.130638e+01
3.359376e+02	3.128262e+01
3.398438e+02	3.133013e+01
3.437501e+02	3.130638e+01
3.476563e+02	3.140139e+01
3.515626e+02	3.135388e+01
3.554688e+02	3.137764e+01
3.593751e+02	3.147265e+01
3.632813e+02	3.154391e+01
3.671876e+02	3.144890e+01
3.710938e+02	3.140139e+01
3.750001e+02	3.147265e+01
3.789063e+02	3.149641e+01
3.828126e+02	3.154391e+01
3.867188e+02	3.156766e+01
3.906251e+02	3.154391e+01
3.945313e+02	3.161517e+01
3.984376e+02	3.163892e+01
4.023438e+02	3.166267e+01
4.062501e+02	3.154391e+01
4.101563e+02	3.154391e+01
4.140626e+02	3.161517e+01
4.179688e+02	3.159141e+01
4.218751e+02	3.173393e+01
4.257813e+02	3.171018e+01
4.296876e+02	3.175768e+01
4.335938e+02	3.175768e+01
4.375001e+02	3.180519e+01
4.414063e+02	3.180519e+01
4.453126e+02	3.175768e+01
4.492188e+02	3.168643e+01
4.531251e+02	3.173393e+01
4.570313e+02	3.180519e+01
4.609376e+02	3.192396e+01
4.648439e+02	3.201897e+01
4.687501e+02	3.213773e+01
4.726564e+02	3.211398e+01
4.765626e+02	3.218524e+01
4.804688e+02	3.216148e+01
4.843751e+02	3.213773e+01
4.882813e+02	3.204272e+01
4.921875e+02	3.209023e+01
4.960937e+02	3.209023e+01
4.999999e+02	3.218524e+01
5.039062e+02	3.213773e+01
5.078124e+02	3.216148e+01
5.117186e+02	3.228025e+01
5.156248e+02	3.230400e+01
5.195311e+02	3.223274e+01
5.234373e+02	3.237526e+01
5.273435e+02	3.237526e+01
5.312497e+02	3.232775e+01
5.351559e+02	3.237526e+01
5.390622e+02	3.237526e+01
5.429684e+02	3.242277e+01
5.468746e+02	3.251778e+01
5.507808e+02	3.254153e+01
5.546871e+02	3.254153e+01
5.585933e+02	3.266030e+01
5.624995e+02	3.270780e+01
5.664057e+02	3.270780e+01
5.703120e+02	3.275531e+01
5.742182e+02	3.270780e+01
5.781244e+02	3.280281e+01
5.820306e+02	3.275531e+01
5.859368e+02	3.285032e+01
5.898431e+02	3.285032e+01
5.937493e+02	3.287407e+01
5.976555e+02	3.285032e+01
6.015617e+02	3.292158e+01
6.054680e+02	3.301659e+01
6.093742e+02	3.299284e+01
6.132804e+02	3.294533e+01
6.171866e+02	3.301659e+01
6.210929e+02	3.306410e+01
6.249991e+02	3.315911e+01
6.289053e+02	3.320661e+01
6.328115e+02	3.327787e+01
6.367177e+02	3.327787e+01
6.406240e+02	3.325412e+01
6.445302e+02	3.337288e+01
6.484364e+02	3.339664e+01
6.523426e+02	3.320661e+01
6.562489e+02	3.320661e+01
6.601551e+02	3.323037e+01
6.640613e+02	3.325412e+01
6.679675e+02	3.325412e+01
6.718737e+02	3.327787e+01
6.757800e+02	3.334913e+01
6.796862e+02	3.339664e+01
6.835924e+02	3.339664e+01
6.874986e+02	3.344415e+01
6.914049e+02	3.334913e+01
6.953111e+02	3.334913e+01
6.992173e+02	3.342039e+01
7.031235e+02	3.342039e+01
7.070298e+02	3.353916e+01
7.109360e+02	3.363417e+01
7.148422e+02	3.361042e+01
7.187484e+02	3.361042e+01
7.226546e+02	3.368167e+01
7.265609e+02	3.380044e+01
7.304671e+02	3.370543e+01
7.343733e+02	3.370543e+01
7.382795e+02	3.363417e+01
7.421858e+02	3.368167e+01
7.460920e+02	3.377669e+01
7.499982e+02	3.375293e+01
7.539044e+02	3.391920e+01
7.578107e+02	3.384794e+01
7.617169e+02	3.389545e+01
7.656231e+02	3.389545e+01
7.695293e+02	3.394296e+01
7.734355e+02	3.401421e+01
7.773418e+02	3.401421e+01
7.812480e+02	3.403797e+01
7.851542e+02	3.406172e+01
7.890604e+02	3.406172e+01
7.929667e+02	3.418049e+01
7.968729e+02	3.410923e+01
8.007791e+02	3.408547e+01
8.046853e+02	3.420424e+01
8.085916e+02	3.418049e+01
8.124978e+02	3.408547e+01
8.164040e+02	3.410923e+01
8.203102e+02	3.413298e+01
8.242164e+02	3.408547e+01
8.281227e+02	3.413298e+01
8.320289e+02	3.429925e+01
8.359351e+02	3.432300e+01
8.398413e+02	3.434676e+01
8.437476e+02	3.439426e+01
8.476538e+02	3.437051e+01
8.515600e+02	3.441802e+01
8.554662e+02	3.437051e+01
8.593724e+02	3.441802e+01
8.632787e+02	3.444176e+01
8.671849e+02	3.439426e+01
8.710911e+02	3.446552e+01
8.749973e+02	3.451303e+01
8.789036e+02	3.451303e+01
8.828098e+02	3.451303e+01
8.867160e+02	3.463179e+01
8.906222e+02	3.465555e+01
8.945285e+02	3.467930e+01
8.984347e+02	3.465555e+01
9.023409e+02	3.475056e+01
9.062471e+02	3.475056e+01
9.101533e+02	3.475056e+01
9.140596e+02	3.479806e+01
9.179658e+02	3.479806e+01
9.218720e+02	3.484557e+01
9.257782e+02	3.494058e+01
9.296845e+02	3.503559e+01
9.335907e+02	3.505934e+01
9.374969e+02	3.494058e+01
9.414031e+02	3.491683e+01
9.453094e+02	3.496433e+01
9.492156e+02	3.498808e+01
9.531218e+02	3.513060e+01
9.570281e+02	3.522561e+01
9.609344e+02	3.524937e+01
9.648406e+02	3.527312e+01
9.687469e+02	3.534438e+01
9.726532e+02	3.532063e+01
9.765595e+02	3.527312e+01
9.804658e+02	3.529687e+01
9.843720e+02	3.532063e+01
9.882783e+02	3.475056e+01
9.921846e+02	3.456053e+01
9.960909e+02	3.636576e+01
