    nm         	nN
4.980454e+02	6.657950e+01
4.960922e+02	6.539185e+01
4.941391e+02	6.688829e+01
4.921860e+02	6.729208e+01
4.902328e+02	6.681703e+01
4.882797e+02	6.769589e+01
4.863265e+02	6.790966e+01
4.843734e+02	6.812344e+01
4.824203e+02	6.855100e+01
4.804671e+02	6.881228e+01
4.785140e+02	6.942985e+01
4.765609e+02	6.945361e+01
4.746078e+02	6.933485e+01
4.726546e+02	6.978615e+01
4.707015e+02	7.054624e+01
4.687484e+02	7.014244e+01
4.667953e+02	7.061750e+01
4.648422e+02	7.040372e+01
4.628891e+02	7.047498e+01
4.609360e+02	7.142510e+01
4.589829e+02	7.182890e+01
4.570298e+02	7.118757e+01
4.550766e+02	7.180515e+01
4.531235e+02	7.140135e+01
4.511704e+02	7.308781e+01
4.492173e+02	7.209018e+01
4.472642e+02	7.206643e+01
4.453111e+02	7.325408e+01
4.433580e+02	7.301654e+01
4.414049e+02	7.318282e+01
4.394518e+02	7.391916e+01
4.374986e+02	7.375289e+01
4.355455e+02	7.299279e+01
4.335924e+02	7.382415e+01
4.316393e+02	7.434671e+01
4.296862e+02	7.327783e+01
4.277331e+02	7.384790e+01
4.257800e+02	7.470300e+01
4.238269e+02	7.418044e+01
4.218738e+02	7.425170e+01
4.199206e+02	7.515432e+01
4.179675e+02	7.501180e+01
4.160144e+02	7.467926e+01
4.140613e+02	7.460800e+01
4.121082e+02	7.577189e+01
4.101551e+02	7.551061e+01
4.082020e+02	7.510680e+01
4.062489e+02	7.553436e+01
4.042957e+02	7.555811e+01
4.023426e+02	7.496428e+01
4.003895e+02	7.558187e+01
3.984364e+02	7.560562e+01
3.964833e+02	7.574814e+01
3.945302e+02	7.581939e+01
3.925771e+02	7.551061e+01
3.906240e+02	7.672201e+01
3.886709e+02	7.579564e+01
3.867177e+02	7.570063e+01
3.847646e+02	7.650823e+01
3.828115e+02	7.655574e+01
3.808584e+02	7.665074e+01
3.789053e+02	7.605692e+01
3.769522e+02	7.605692e+01
3.749991e+02	7.643697e+01
3.730460e+02	7.636572e+01
3.710929e+02	7.650823e+01
3.691397e+02	7.674576e+01
3.671866e+02	7.612819e+01
3.652335e+02	7.698329e+01
3.632804e+02	7.667450e+01
3.613273e+02	7.615193e+01
3.593742e+02	7.643697e+01
3.574211e+02	7.691203e+01
3.554680e+02	7.686452e+01
3.535148e+02	7.631821e+01
3.515617e+02	7.695954e+01
3.496086e+02	7.743460e+01
3.476555e+02	7.631821e+01
3.457024e+02	7.764837e+01
3.437493e+02	7.736334e+01
3.417962e+02	7.657949e+01
3.398431e+02	7.631821e+01
3.378900e+02	7.634196e+01
3.359368e+02	7.743460e+01
3.339837e+02	7.688828e+01
3.320306e+02	7.714956e+01
3.300775e+02	7.731583e+01
3.281244e+02	7.610443e+01
3.261713e+02	7.608067e+01
3.242182e+02	7.733959e+01
3.222651e+02	7.653198e+01
3.203120e+02	7.636572e+01
3.183588e+02	7.586690e+01
3.164057e+02	7.657949e+01
3.144526e+02	7.669826e+01
3.124995e+02	7.593816e+01
3.105464e+02	7.627070e+01
3.085933e+02	7.560562e+01
3.066402e+02	7.593816e+01
3.046871e+02	7.593816e+01
3.027340e+02	7.612819e+01
3.007808e+02	7.510680e+01
2.988277e+02	7.546310e+01
2.968746e+02	7.591441e+01
2.949215e+02	7.515432e+01
2.929684e+02	7.522557e+01
2.910153e+02	7.548685e+01
2.890622e+02	7.643697e+01
2.871091e+02	7.484552e+01
2.851559e+02	7.543935e+01
2.832028e+02	7.541559e+01
2.812497e+02	7.548685e+01
2.792966e+02	7.543935e+01
2.773435e+02	7.532058e+01
2.753904e+02	7.555811e+01
2.734373e+02	7.534433e+01
2.714842e+02	7.532058e+01
2.695311e+02	7.636572e+01
2.675779e+02	7.458424e+01
2.656248e+02	7.460800e+01
2.636717e+02	7.458424e+01
2.617186e+02	7.491678e+01
2.597655e+02	7.408543e+01
2.578124e+02	7.408543e+01
2.558593e+02	7.441798e+01
2.539062e+02	7.467926e+01
2.519531e+02	7.375289e+01
2.499999e+02	7.413293e+01
2.480468e+02	7.413293e+01
2.460937e+02	7.311156e+01
2.441406e+02	7.361037e+01
2.421875e+02	7.353911e+01
2.402344e+02	7.389541e+01
2.382813e+02	7.361037e+01
2.363281e+02	7.361037e+01
2.343750e+02	7.389541e+01
2.324219e+02	7.320657e+01
2.304688e+02	7.346785e+01
2.285156e+02	7.334909e+01
2.265625e+02	7.318282e+01
2.246094e+02	7.220895e+01
2.226563e+02	7.280277e+01
2.207031e+02	7.296904e+01
2.187500e+02	7.144885e+01
2.167969e+02	7.263650e+01
2.148438e+02	7.384790e+01
2.128906e+02	7.273152e+01
2.109375e+02	7.268400e+01
2.089844e+02	7.289778e+01
2.070312e+02	7.258900e+01
2.050781e+02	7.301654e+01
2.031250e+02	7.296904e+01
2.011719e+02	7.258900e+01
1.992187e+02	7.237522e+01
1.972656e+02	7.292154e+01
1.953125e+02	7.304030e+01
1.933594e+02	7.268400e+01
1.914062e+02	7.218519e+01
1.894531e+02	7.232772e+01
1.875000e+02	7.258900e+01
1.855469e+02	7.190016e+01
1.835937e+02	7.128259e+01
1.816406e+02	7.242272e+01
1.796875e+02	7.218519e+01
1.777344e+02	7.149636e+01
1.757812e+02	7.154386e+01
1.738281e+02	7.121132e+01
1.718750e+02	7.166263e+01
1.699219e+02	7.133008e+01
1.679687e+02	7.137760e+01
1.660156e+02	7.114006e+01
1.640625e+02	7.109256e+01
1.621094e+02	7.175765e+01
1.601562e+02	7.109256e+01
1.582031e+02	7.052249e+01
1.562500e+02	7.061750e+01
1.542969e+02	7.109256e+01
1.523437e+02	7.066501e+01
1.503906e+02	6.999992e+01
1.484375e+02	7.040372e+01
1.464844e+02	6.992867e+01
1.445312e+02	6.976239e+01
1.425781e+02	7.011869e+01
1.406250e+02	7.016619e+01
1.386719e+02	6.952487e+01
1.367187e+02	6.902605e+01
1.347656e+02	6.978615e+01
1.328125e+02	6.897854e+01
1.308593e+02	6.876477e+01
1.289062e+02	6.900230e+01
1.269531e+02	6.947736e+01
1.250000e+02	6.874102e+01
1.230468e+02	6.817095e+01
1.210937e+02	6.902605e+01
1.191406e+02	6.923982e+01
1.171875e+02	6.748211e+01
1.152343e+02	6.828971e+01
1.132812e+02	6.874102e+01
1.113281e+02	6.859850e+01
1.093750e+02	6.776715e+01
1.074218e+02	6.900230e+01
1.054687e+02	6.814719e+01
1.035156e+02	6.771964e+01
1.015625e+02	6.809969e+01
9.960934e+01	6.850348e+01
9.765621e+01	6.800467e+01
9.570309e+01	6.767213e+01
9.374996e+01	6.783841e+01
9.179684e+01	6.762463e+01
8.984371e+01	6.665076e+01
8.789058e+01	6.786216e+01
8.593746e+01	6.764838e+01
8.398433e+01	6.783841e+01
8.203121e+01	6.731584e+01
8.007808e+01	6.729208e+01
7.812496e+01	6.610444e+01
7.617183e+01	6.681703e+01
7.421870e+01	6.698330e+01
7.226558e+01	6.767213e+01
7.031245e+01	6.634197e+01
6.835933e+01	6.705456e+01
6.640620e+01	6.662701e+01
6.445308e+01	6.624696e+01
6.249995e+01	6.627072e+01
6.054682e+01	6.615195e+01
5.859370e+01	6.619945e+01
5.664057e+01	6.617570e+01
5.468745e+01	6.589067e+01
5.273432e+01	6.593817e+01
5.078120e+01	6.596192e+01
4.882807e+01	6.634197e+01
4.687494e+01	6.610444e+01
4.492182e+01	6.638948e+01
4.296869e+01	6.619945e+01
4.101557e+01	6.581941e+01
3.906244e+01	6.669826e+01
3.710932e+01	6.541561e+01
3.515619e+01	6.475052e+01
3.320307e+01	6.593817e+01
3.124994e+01	6.603319e+01
2.929682e+01	6.477428e+01
2.734369e+01	6.577190e+01
2.539057e+01	6.558187e+01
2.343744e+01	6.536810e+01
2.148432e+01	6.513057e+01
1.953120e+01	6.515432e+01
1.757807e+01	6.529685e+01
1.562495e+01	6.517808e+01
1.367182e+01	6.598567e+01
1.171870e+01	6.643698e+01
9.765577e+00	6.581941e+01
7.812453e+00	6.579565e+01
5.859329e+00	6.622320e+01
3.906204e+00	6.586691e+01
1.953080e+00	6.627072e+01
-4.440892e-05	6.610444e+01
