    nm         	nN
2.988281e+02	7.807593e+01
2.976562e+02	7.741084e+01
2.964843e+02	7.840847e+01
2.953124e+02	7.852723e+01
2.941406e+02	7.857474e+01
2.929687e+02	7.855098e+01
2.917968e+02	7.869350e+01
2.906249e+02	7.866975e+01
2.894530e+02	7.869350e+01
2.882811e+02	7.969112e+01
2.871093e+02	7.985739e+01
2.859374e+02	7.999991e+01
2.847655e+02	7.907354e+01
2.835936e+02	8.035621e+01
2.824217e+02	8.002367e+01
2.812498e+02	7.992865e+01
2.800780e+02	8.056998e+01
2.789061e+02	8.076001e+01
2.777342e+02	8.030870e+01
2.765623e+02	7.992865e+01
2.753904e+02	8.092628e+01
2.742185e+02	8.040372e+01
2.730467e+02	8.087878e+01
2.718748e+02	8.066499e+01
2.707029e+02	8.087878e+01
2.695310e+02	8.068875e+01
2.683591e+02	8.095003e+01
2.671872e+02	8.159136e+01
2.660153e+02	8.118756e+01
2.648435e+02	8.071250e+01
2.636716e+02	8.199516e+01
2.624997e+02	8.166262e+01
2.613278e+02	8.156761e+01
2.601559e+02	8.225644e+01
2.589840e+02	8.218518e+01
2.578122e+02	8.213767e+01
2.566403e+02	8.204267e+01
2.554684e+02	8.261274e+01
2.542965e+02	8.206642e+01
2.531246e+02	8.239896e+01
2.519527e+02	8.237521e+01
2.507809e+02	8.249397e+01
2.496090e+02	8.287402e+01
2.484371e+02	8.280276e+01
2.472652e+02	8.277901e+01
2.460933e+02	8.292152e+01
2.449214e+02	8.346784e+01
2.437496e+02	8.306404e+01
2.425777e+02	8.391915e+01
2.414058e+02	8.394290e+01
2.402339e+02	8.380039e+01
2.390620e+02	8.344409e+01
2.378901e+02	8.415668e+01
2.367183e+02	8.380039e+01
2.355464e+02	8.342034e+01
2.343745e+02	8.415668e+01
2.332027e+02	8.377663e+01
2.320308e+02	8.420418e+01
2.308589e+02	8.391915e+01
2.296871e+02	8.384789e+01
2.285152e+02	8.342034e+01
2.273433e+02	8.358661e+01
2.261715e+02	8.351535e+01
2.249996e+02	8.368162e+01
2.238277e+02	8.394290e+01
2.226558e+02	8.432295e+01
2.214840e+02	8.446546e+01
2.203121e+02	8.408541e+01
2.191402e+02	8.453672e+01
2.179684e+02	8.434670e+01
2.167965e+02	8.403791e+01
2.156246e+02	8.427545e+01
2.144528e+02	8.389540e+01
2.132809e+02	8.363411e+01
2.121090e+02	8.410917e+01
2.109371e+02	8.444171e+01
2.097653e+02	8.482176e+01
2.085934e+02	8.482176e+01
2.074215e+02	8.448922e+01
2.062497e+02	8.503554e+01
2.050778e+02	8.446546e+01
2.039059e+02	8.413293e+01
2.027341e+02	8.453672e+01
2.015622e+02	8.479800e+01
2.003903e+02	8.448922e+01
1.992184e+02	8.410917e+01
1.980466e+02	8.451298e+01
1.968747e+02	8.418043e+01
1.957028e+02	8.408541e+01
1.945310e+02	8.472675e+01
1.933591e+02	8.401416e+01
1.921872e+02	8.432295e+01
1.910154e+02	8.387164e+01
1.898435e+02	8.425169e+01
1.886716e+02	8.448922e+01
1.874998e+02	8.415668e+01
1.863279e+02	8.477426e+01
1.851560e+02	8.467924e+01
1.839841e+02	8.406166e+01
1.828123e+02	8.486927e+01
1.816404e+02	8.418043e+01
1.804685e+02	8.389540e+01
1.792967e+02	8.401416e+01
1.781248e+02	8.399041e+01
1.769529e+02	8.415668e+01
1.757811e+02	8.420418e+01
1.746092e+02	8.380039e+01
1.734373e+02	8.375288e+01
1.722654e+02	8.372913e+01
1.710936e+02	8.399041e+01
1.699217e+02	8.403791e+01
1.687498e+02	8.410917e+01
1.675780e+02	8.358661e+01
1.664061e+02	8.372913e+01
1.652342e+02	8.344409e+01
1.640624e+02	8.375288e+01
1.628905e+02	8.351535e+01
1.617186e+02	8.427545e+01
1.605467e+02	8.413293e+01
1.593749e+02	8.311154e+01
1.582030e+02	8.396665e+01
1.570311e+02	8.465549e+01
1.558593e+02	8.353911e+01
1.546874e+02	8.332533e+01
1.535155e+02	8.422793e+01
1.523437e+02	8.410917e+01
1.511718e+02	8.325406e+01
1.499999e+02	8.403791e+01
1.488281e+02	8.368162e+01
1.476562e+02	8.382413e+01
1.464843e+02	8.370537e+01
1.453124e+02	8.375288e+01
1.441406e+02	8.358661e+01
1.429687e+02	8.258898e+01
1.417968e+02	8.244647e+01
1.406250e+02	8.209017e+01
1.394531e+02	8.268400e+01
1.382812e+02	8.275526e+01
1.371094e+02	8.320656e+01
1.359375e+02	8.244647e+01
1.347656e+02	8.247022e+01
1.335937e+02	8.263649e+01
1.324219e+02	8.261274e+01
1.312500e+02	8.299278e+01
1.300781e+02	8.201891e+01
1.289063e+02	8.239896e+01
1.277344e+02	8.182889e+01
1.265625e+02	8.142509e+01
1.253907e+02	8.277901e+01
1.242188e+02	8.230395e+01
1.230469e+02	8.235146e+01
1.218750e+02	8.213767e+01
1.207032e+02	8.216143e+01
1.195313e+02	8.152010e+01
1.183594e+02	8.144885e+01
1.171876e+02	8.197141e+01
1.160157e+02	8.152010e+01
1.148438e+02	8.135383e+01
1.136719e+02	8.123507e+01
1.125000e+02	8.102128e+01
1.113282e+02	8.106880e+01
1.101563e+02	8.095003e+01
1.089844e+02	8.168637e+01
1.078125e+02	8.128257e+01
1.066407e+02	8.149635e+01
1.054688e+02	8.061749e+01
1.042969e+02	8.095003e+01
1.031250e+02	8.054623e+01
1.019532e+02	8.073626e+01
1.007813e+02	7.999991e+01
9.960940e+01	8.028495e+01
9.843752e+01	8.026120e+01
9.726565e+01	7.969112e+01
9.609377e+01	7.992865e+01
9.492189e+01	8.002367e+01
9.375002e+01	7.926357e+01
9.257814e+01	7.926357e+01
9.140626e+01	7.952485e+01
9.023439e+01	7.928733e+01
8.906251e+01	7.952485e+01
8.789063e+01	7.912105e+01
8.671876e+01	7.874100e+01
8.554688e+01	7.888352e+01
8.437500e+01	7.888352e+01
8.320313e+01	7.845597e+01
8.203125e+01	7.852723e+01
8.085937e+01	7.824219e+01
7.968750e+01	7.843222e+01
7.851562e+01	7.798091e+01
7.734374e+01	7.750585e+01
7.617187e+01	7.771963e+01
7.499999e+01	7.793341e+01
7.382811e+01	7.750585e+01
7.265623e+01	7.717331e+01
7.148436e+01	7.755336e+01
7.031248e+01	7.731583e+01
6.914060e+01	7.674576e+01
6.796873e+01	7.693578e+01
6.679685e+01	7.672201e+01
6.562497e+01	7.700704e+01
6.445310e+01	7.703079e+01
6.328122e+01	7.631821e+01
6.210934e+01	7.622319e+01
6.093747e+01	7.622319e+01
5.976559e+01	7.684077e+01
5.859372e+01	7.686452e+01
5.742184e+01	7.584315e+01
5.624997e+01	7.698329e+01
5.507810e+01	7.634196e+01
5.390622e+01	7.593816e+01
5.273435e+01	7.522557e+01
5.156248e+01	7.631821e+01
5.039060e+01	7.650823e+01
4.921873e+01	7.562937e+01
4.804686e+01	7.586690e+01
4.687498e+01	7.584315e+01
4.570311e+01	7.581939e+01
4.453124e+01	7.508305e+01
4.335936e+01	7.558187e+01
4.218749e+01	7.539185e+01
4.101562e+01	7.501180e+01
3.984374e+01	7.501180e+01
3.867187e+01	7.491678e+01
3.750000e+01	7.539185e+01
3.632812e+01	7.539185e+01
3.515625e+01	7.501180e+01
3.398438e+01	7.539185e+01
3.281250e+01	7.479802e+01
3.164063e+01	7.482177e+01
3.046876e+01	7.501180e+01
2.929688e+01	7.491678e+01
2.812501e+01	7.522557e+01
2.695313e+01	7.458424e+01
2.578126e+01	7.513056e+01
2.460938e+01	7.496428e+01
2.343751e+01	7.508305e+01
2.226563e+01	7.463175e+01
2.109376e+01	7.408543e+01
1.992188e+01	7.375289e+01
1.875001e+01	7.496428e+01
1.757813e+01	7.463175e+01
1.640626e+01	7.429921e+01
1.523438e+01	7.429921e+01
1.406251e+01	7.391916e+01
1.289063e+01	7.418044e+01
1.171876e+01	7.486928e+01
1.054688e+01	7.482177e+01
9.375007e+00	7.408543e+01
8.203132e+00	7.448923e+01
7.031257e+00	7.432296e+01
5.859382e+00	7.463175e+01
4.687507e+00	7.472676e+01
3.515632e+00	7.446548e+01
2.343757e+00	7.467926e+01
1.171882e+00	7.470300e+01
7.327472e-06	7.456049e+01
