    um         	nN
1.494142e+00	4.850351e+01
1.488282e+00	4.757715e+01
1.482423e+00	4.790969e+01
1.476563e+00	4.833724e+01
1.470704e+00	4.869353e+01
1.464845e+00	4.838475e+01
1.458985e+00	4.840850e+01
1.453126e+00	4.857477e+01
1.447266e+00	4.779092e+01
1.441407e+00	4.802845e+01
1.435547e+00	4.781467e+01
1.429688e+00	4.726836e+01
1.423829e+00	4.726836e+01
1.417969e+00	4.672204e+01
1.412110e+00	4.676954e+01
1.406250e+00	4.629448e+01
1.400391e+00	4.627073e+01
1.394532e+00	4.584318e+01
1.388672e+00	4.532061e+01
1.382813e+00	4.517810e+01
1.376953e+00	4.529686e+01
1.371094e+00	4.486931e+01
1.365234e+00	4.444176e+01
1.359375e+00	4.458427e+01
1.353516e+00	4.427548e+01
1.347656e+00	4.453677e+01
1.341797e+00	4.399045e+01
1.335937e+00	4.375292e+01
1.330078e+00	4.249402e+01
1.324218e+00	4.213772e+01
1.318359e+00	4.137763e+01
1.312500e+00	4.109259e+01
1.306640e+00	4.121136e+01
1.300781e+00	3.995245e+01
1.294921e+00	3.971492e+01
1.289062e+00	3.809972e+01
1.283203e+00	3.774343e+01
1.277343e+00	3.790970e+01
1.271484e+00	3.783844e+01
1.265624e+00	3.622324e+01
1.259765e+00	3.410923e+01
1.253905e+00	3.394296e+01
1.248046e+00	3.368167e+01
1.242187e+00	3.211398e+01
1.236327e+00	3.192396e+01
1.230468e+00	3.220899e+01
1.224608e+00	3.180519e+01
1.218749e+00	3.095009e+01
1.212890e+00	3.011873e+01
1.207030e+00	2.904985e+01
1.201171e+00	2.871731e+01
1.195311e+00	2.795721e+01
1.189452e+00	2.667456e+01
1.183592e+00	2.619950e+01
1.177733e+00	2.551066e+01
1.171874e+00	2.510686e+01
1.166014e+00	2.391922e+01
1.160155e+00	2.377670e+01
1.154295e+00	2.334914e+01
1.148436e+00	2.273157e+01
1.142576e+00	2.237527e+01
1.136717e+00	2.209024e+01
1.130858e+00	2.095010e+01
1.124998e+00	2.016625e+01
1.119139e+00	1.980995e+01
1.113279e+00	1.921613e+01
1.107420e+00	1.923988e+01
1.101561e+00	2.840852e+01
1.095701e+00	2.836101e+01
1.089842e+00	2.831351e+01
1.083982e+00	2.828976e+01
1.078123e+00	2.831351e+01
1.072263e+00	2.819474e+01
1.066404e+00	2.807598e+01
1.060545e+00	2.802847e+01
1.054685e+00	2.798097e+01
1.048826e+00	2.800472e+01
1.042966e+00	2.795721e+01
1.037107e+00	2.800472e+01
1.031248e+00	2.790971e+01
1.025388e+00	2.793346e+01
1.019529e+00	2.793346e+01
1.013669e+00	2.793346e+01
1.007810e+00	2.779094e+01
1.001950e+00	2.781470e+01
9.960910e-01	2.774344e+01
9.902316e-01	2.764843e+01
9.843722e-01	2.757717e+01
9.785127e-01	2.757717e+01
9.726533e-01	2.755341e+01
9.667939e-01	2.757717e+01
9.609345e-01	2.748216e+01
9.550751e-01	2.755341e+01
9.492157e-01	2.741089e+01
9.433563e-01	2.731589e+01
9.374970e-01	2.722087e+01
9.316376e-01	2.726838e+01
9.257782e-01	2.724463e+01
9.199189e-01	2.724463e+01
9.140595e-01	2.726838e+01
9.082001e-01	2.724463e+01
9.023408e-01	2.722087e+01
8.964814e-01	2.717337e+01
8.906221e-01	2.719712e+01
8.847627e-01	2.698334e+01
8.789033e-01	2.693584e+01
8.730440e-01	2.693584e+01
8.671846e-01	2.688833e+01
8.613252e-01	2.688833e+01
8.554659e-01	2.684082e+01
8.496065e-01	2.679332e+01
8.437472e-01	2.672206e+01
8.378878e-01	2.674582e+01
8.320284e-01	2.679332e+01
8.261691e-01	2.672206e+01
8.203097e-01	2.657954e+01
8.144503e-01	2.655579e+01
8.085910e-01	2.648453e+01
8.027316e-01	2.641327e+01
7.968723e-01	2.641327e+01
7.910129e-01	2.643703e+01
7.851535e-01	2.643703e+01
7.792942e-01	2.638952e+01
7.734348e-01	2.638952e+01
7.675754e-01	2.624700e+01
7.617161e-01	2.619950e+01
7.558567e-01	2.619950e+01
7.499974e-01	2.617574e+01
7.441380e-01	2.608073e+01
7.382786e-01	2.615199e+01
7.324193e-01	2.615199e+01
7.265599e-01	2.612824e+01
7.207005e-01	2.612824e+01
7.148412e-01	2.605698e+01
7.089818e-01	2.603323e+01
7.031225e-01	2.591446e+01
6.972631e-01	2.581945e+01
6.914037e-01	2.577194e+01
6.855444e-01	2.574819e+01
6.796850e-01	2.570068e+01
6.738256e-01	2.567693e+01
6.679663e-01	2.572444e+01
6.621069e-01	2.560567e+01
6.562476e-01	2.555817e+01
6.503882e-01	2.555817e+01
6.445288e-01	2.548691e+01
6.386695e-01	2.536814e+01
6.328101e-01	2.532064e+01
6.269507e-01	2.534439e+01
6.210914e-01	2.529688e+01
6.152320e-01	2.529688e+01
6.093726e-01	2.529688e+01
6.035133e-01	2.524938e+01
5.976539e-01	2.520187e+01
5.917946e-01	2.520187e+01
5.859352e-01	2.513061e+01
5.800758e-01	2.498810e+01
5.742165e-01	2.496434e+01
5.683571e-01	2.494059e+01
5.624977e-01	2.496434e+01
5.566384e-01	2.489308e+01
5.507790e-01	2.498810e+01
5.449197e-01	2.489308e+01
5.390603e-01	2.477432e+01
5.332009e-01	2.484558e+01
5.273416e-01	2.477432e+01
5.214822e-01	2.470306e+01
5.156228e-01	2.458430e+01
5.097635e-01	2.451304e+01
5.039041e-01	2.453679e+01
4.980448e-01	2.448929e+01
4.921854e-01	2.453679e+01
4.863260e-01	2.456054e+01
4.804667e-01	2.451304e+01
4.746073e-01	2.446553e+01
4.687479e-01	2.446553e+01
4.628886e-01	2.441802e+01
4.570292e-01	2.425175e+01
4.511699e-01	2.420425e+01
4.453105e-01	2.425175e+01
4.394511e-01	2.415674e+01
4.335918e-01	2.413299e+01
4.277324e-01	2.413299e+01
4.218730e-01	2.401423e+01
4.160137e-01	2.399047e+01
4.101543e-01	2.399047e+01
4.042950e-01	2.403798e+01
3.984356e-01	2.389546e+01
3.925762e-01	2.377670e+01
3.867169e-01	2.380045e+01
3.808575e-01	2.382420e+01
3.749981e-01	2.375294e+01
3.691388e-01	2.377670e+01
3.632794e-01	2.370544e+01
3.574200e-01	2.370544e+01
3.515607e-01	2.368168e+01
3.457013e-01	2.370544e+01
3.398420e-01	2.361043e+01
3.339826e-01	2.349166e+01
3.281232e-01	2.337290e+01
3.222639e-01	2.332539e+01
3.164045e-01	2.332539e+01
3.105451e-01	2.337290e+01
3.046858e-01	2.332539e+01
2.988264e-01	2.325413e+01
2.929671e-01	2.330164e+01
2.871077e-01	2.330164e+01
2.812483e-01	2.325413e+01
2.753890e-01	2.315912e+01
2.695296e-01	2.304036e+01
2.636702e-01	2.304036e+01
2.578109e-01	2.296910e+01
2.519515e-01	2.299285e+01
2.460922e-01	2.299285e+01
2.402328e-01	2.294534e+01
2.343734e-01	2.292159e+01
2.285140e-01	2.287408e+01
2.226547e-01	2.292159e+01
2.167953e-01	2.282658e+01
2.109359e-01	2.270781e+01
2.050765e-01	2.268406e+01
1.992172e-01	2.263655e+01
1.933578e-01	2.256530e+01
1.874984e-01	2.256530e+01
1.816390e-01	2.256530e+01
1.757796e-01	2.249404e+01
1.699203e-01	2.244653e+01
1.640609e-01	2.237527e+01
1.582015e-01	2.235152e+01
1.523421e-01	2.225651e+01
1.464828e-01	2.223275e+01
1.406234e-01	2.225651e+01
1.347640e-01	2.213774e+01
1.289046e-01	2.213774e+01
1.230453e-01	2.220900e+01
1.171859e-01	2.209024e+01
1.113265e-01	2.204273e+01
1.054671e-01	2.201898e+01
9.960775e-02	2.206648e+01
9.374837e-02	2.199523e+01
8.788899e-02	2.185271e+01
8.202962e-02	2.185271e+01
7.617024e-02	2.180520e+01
7.031086e-02	2.180520e+01
6.445148e-02	2.180520e+01
5.859211e-02	2.175770e+01
5.273274e-02	2.171019e+01
4.687336e-02	2.171019e+01
4.101399e-02	2.168644e+01
3.515462e-02	2.166268e+01
2.929524e-02	2.163893e+01
2.343587e-02	2.156767e+01
1.757649e-02	2.147266e+01
1.171712e-02	2.149641e+01
5.857741e-03	2.140140e+01
-1.633360e-06	2.142515e+01
