    um         	nN
2.490236e+00	3.007122e+01
2.480471e+00	2.926363e+01
2.470705e+00	2.988120e+01
2.460939e+00	2.909736e+01
2.451173e+00	2.857479e+01
2.441408e+00	2.790971e+01
2.431642e+00	2.691208e+01
2.421876e+00	2.598572e+01
2.412111e+00	2.534439e+01
2.402345e+00	2.432301e+01
2.392579e+00	2.285033e+01
2.382814e+00	2.201898e+01
2.373048e+00	2.087884e+01
2.363282e+00	2.011874e+01
2.353516e+00	1.912112e+01
2.343751e+00	1.831352e+01
2.333985e+00	1.691209e+01
2.324219e+00	1.603324e+01
2.314454e+00	2.377670e+01
2.304688e+00	2.684082e+01
2.294922e+00	2.681707e+01
2.285157e+00	2.681707e+01
2.275391e+00	2.676957e+01
2.265625e+00	2.669831e+01
2.255859e+00	2.667456e+01
2.246094e+00	2.662705e+01
2.236328e+00	2.650829e+01
2.226562e+00	2.648453e+01
2.216797e+00	2.646078e+01
2.207031e+00	2.634201e+01
2.197265e+00	2.617574e+01
2.187500e+00	2.617574e+01
2.177734e+00	2.615199e+01
2.167968e+00	2.605698e+01
2.158203e+00	2.600947e+01
2.148437e+00	2.598572e+01
2.138671e+00	2.589071e+01
2.128905e+00	2.584320e+01
2.119140e+00	2.579570e+01
2.109374e+00	2.574819e+01
2.099608e+00	2.562943e+01
2.089843e+00	2.553442e+01
2.080077e+00	2.551066e+01
2.070311e+00	2.539189e+01
2.060546e+00	2.534439e+01
2.050780e+00	2.529688e+01
2.041014e+00	2.527313e+01
2.031248e+00	2.517812e+01
2.021483e+00	2.508311e+01
2.011717e+00	2.505936e+01
2.001951e+00	2.496434e+01
1.992186e+00	2.486933e+01
1.982420e+00	2.482182e+01
1.972654e+00	2.470306e+01
1.962889e+00	2.470306e+01
1.953123e+00	2.470306e+01
1.943357e+00	2.465556e+01
1.933591e+00	2.458430e+01
1.923826e+00	2.446553e+01
1.914060e+00	2.451304e+01
1.904294e+00	2.448929e+01
1.894529e+00	2.434677e+01
1.884763e+00	2.432301e+01
1.874998e+00	2.425175e+01
1.865232e+00	2.413299e+01
1.855467e+00	2.408548e+01
1.845701e+00	2.418050e+01
1.835935e+00	2.408548e+01
1.826170e+00	2.401423e+01
1.816404e+00	2.399047e+01
1.806639e+00	2.399047e+01
1.796873e+00	2.387171e+01
1.787107e+00	2.377670e+01
1.777342e+00	2.372919e+01
1.767576e+00	2.361043e+01
1.757811e+00	2.356292e+01
1.748045e+00	2.349166e+01
1.738279e+00	2.346791e+01
1.728514e+00	2.334914e+01
1.718748e+00	2.342040e+01
1.708983e+00	2.339665e+01
1.699217e+00	2.330164e+01
1.689452e+00	2.313537e+01
1.679686e+00	2.306411e+01
1.669920e+00	2.299285e+01
1.660155e+00	2.285033e+01
1.650389e+00	2.285033e+01
1.640624e+00	2.287408e+01
1.630858e+00	2.280283e+01
1.621092e+00	2.270781e+01
1.611327e+00	2.270781e+01
1.601561e+00	2.268406e+01
1.591796e+00	2.249404e+01
1.582030e+00	2.247029e+01
1.572265e+00	2.244653e+01
1.562499e+00	2.235152e+01
1.552733e+00	2.232777e+01
1.542968e+00	2.228026e+01
1.533202e+00	2.223275e+01
1.523437e+00	2.220900e+01
1.513671e+00	2.216150e+01
1.503905e+00	2.216150e+01
1.494140e+00	2.199523e+01
1.484374e+00	2.187646e+01
1.474609e+00	2.187646e+01
1.464843e+00	2.180520e+01
1.455077e+00	2.173394e+01
1.445312e+00	2.163893e+01
1.435546e+00	2.163893e+01
1.425781e+00	2.159143e+01
1.416015e+00	2.152017e+01
1.406250e+00	2.147266e+01
1.396484e+00	2.135390e+01
1.386718e+00	2.123513e+01
1.376953e+00	2.109261e+01
1.367187e+00	2.109261e+01
1.357422e+00	2.102135e+01
1.347656e+00	2.102135e+01
1.337890e+00	2.102135e+01
1.328125e+00	2.099760e+01
1.318359e+00	2.092634e+01
1.308594e+00	2.092634e+01
1.298828e+00	2.090259e+01
1.289063e+00	2.076007e+01
1.279297e+00	2.064131e+01
1.269531e+00	2.057005e+01
1.259766e+00	2.045128e+01
1.250000e+00	2.047504e+01
1.240235e+00	2.047504e+01
1.230469e+00	2.042753e+01
1.220703e+00	2.035627e+01
1.210938e+00	2.033252e+01
1.201172e+00	2.028501e+01
1.191407e+00	2.023751e+01
1.181641e+00	2.007124e+01
1.171876e+00	2.004748e+01
1.162110e+00	1.999998e+01
1.152344e+00	1.988121e+01
1.142579e+00	1.985746e+01
1.132813e+00	1.983371e+01
1.123048e+00	1.969119e+01
1.113282e+00	1.971494e+01
1.103516e+00	1.964368e+01
1.093751e+00	1.969119e+01
1.083985e+00	1.945366e+01
1.074220e+00	1.940615e+01
1.064454e+00	1.938240e+01
1.054688e+00	1.923988e+01
1.044923e+00	1.916863e+01
1.035157e+00	1.919238e+01
1.025392e+00	1.914487e+01
1.015626e+00	1.904986e+01
1.005861e+00	1.902611e+01
9.960950e-01	1.895485e+01
9.863294e-01	1.883608e+01
9.765638e-01	1.866981e+01
9.667982e-01	1.864606e+01
9.570326e-01	1.859856e+01
9.472670e-01	1.855105e+01
9.375013e-01	1.855105e+01
9.277357e-01	1.852730e+01
9.179701e-01	1.855105e+01
9.082044e-01	1.857480e+01
8.984388e-01	1.840853e+01
8.886731e-01	1.838478e+01
8.789075e-01	1.821851e+01
8.691418e-01	1.817100e+01
8.593762e-01	1.809974e+01
8.496106e-01	1.800473e+01
8.398449e-01	1.798098e+01
8.300793e-01	1.790972e+01
8.203136e-01	1.790972e+01
8.105480e-01	1.774345e+01
8.007823e-01	1.786221e+01
7.910167e-01	1.786221e+01
7.812511e-01	1.762468e+01
7.714854e-01	1.755343e+01
7.617198e-01	1.743466e+01
7.519541e-01	1.736340e+01
7.421885e-01	1.731589e+01
7.324228e-01	1.729214e+01
7.226572e-01	1.724464e+01
7.128916e-01	1.717338e+01
7.031259e-01	1.710212e+01
6.933603e-01	1.712587e+01
6.835946e-01	1.705461e+01
6.738290e-01	1.681708e+01
6.640634e-01	1.676958e+01
6.542977e-01	1.674582e+01
6.445321e-01	1.669832e+01
6.347664e-01	1.667457e+01
6.250008e-01	1.665081e+01
6.152351e-01	1.662706e+01
6.054695e-01	1.653205e+01
5.957039e-01	1.650830e+01
5.859382e-01	1.646079e+01
5.761726e-01	1.629452e+01
5.664069e-01	1.615200e+01
5.566413e-01	1.612825e+01
5.468756e-01	1.608074e+01
5.371100e-01	1.600948e+01
5.273444e-01	1.600948e+01
5.175787e-01	1.596198e+01
5.078131e-01	1.586697e+01
4.980474e-01	1.584321e+01
4.882818e-01	1.589072e+01
4.785161e-01	1.572445e+01
4.687505e-01	1.570069e+01
4.589849e-01	1.553443e+01
4.492193e-01	1.548692e+01
4.394537e-01	1.543941e+01
4.296881e-01	1.543941e+01
4.199225e-01	1.541566e+01
4.101568e-01	1.532065e+01
4.003912e-01	1.524939e+01
3.906256e-01	1.522564e+01
3.808600e-01	1.517813e+01
3.710944e-01	1.496436e+01
3.613288e-01	1.484559e+01
3.515632e-01	1.484559e+01
3.417975e-01	1.472683e+01
3.320319e-01	1.460806e+01
3.222663e-01	1.453680e+01
3.125007e-01	1.451305e+01
3.027351e-01	1.446554e+01
2.929695e-01	1.437053e+01
2.832039e-01	1.439428e+01
2.734382e-01	1.427552e+01
2.636726e-01	1.418051e+01
2.539070e-01	1.403799e+01
2.441414e-01	1.399048e+01
2.343758e-01	1.391922e+01
2.246101e-01	1.401424e+01
2.148445e-01	1.399048e+01
2.050789e-01	1.391922e+01
1.953133e-01	1.382421e+01
1.855476e-01	1.382421e+01
1.757820e-01	1.375296e+01
1.660164e-01	1.358668e+01
1.562507e-01	1.349167e+01
1.464851e-01	1.342041e+01
1.367195e-01	1.337291e+01
1.269539e-01	1.339666e+01
1.171882e-01	1.332540e+01
1.074226e-01	1.330165e+01
9.765698e-02	1.325414e+01
8.789135e-02	1.311162e+01
7.812572e-02	1.315913e+01
6.836009e-02	1.304037e+01
5.859447e-02	1.285034e+01
4.882884e-02	1.282659e+01
3.906322e-02	1.273158e+01
2.929760e-02	1.273158e+01
1.953197e-02	1.266032e+01
9.766346e-03	1.261281e+01
7.212009e-07	1.266032e+01
