    nm         	nN
1.445313e+02	5.515433e+01
1.484375e+02	5.567690e+01
1.523438e+02	5.384792e+01
1.562500e+02	5.308783e+01
1.601563e+02	5.399044e+01
1.640625e+02	5.332536e+01
1.679688e+02	5.247025e+01
1.718750e+02	5.161515e+01
1.757813e+02	5.239900e+01
1.796875e+02	5.142513e+01
1.835938e+02	5.064127e+01
1.875000e+02	5.095006e+01
1.914063e+02	5.073629e+01
1.953125e+02	5.068878e+01
1.992188e+02	4.864603e+01
2.031250e+02	5.009496e+01
2.070313e+02	4.843225e+01
2.109375e+02	4.748214e+01
2.148438e+02	4.805220e+01
2.187500e+02	4.691206e+01
2.226563e+02	4.684080e+01
2.265625e+02	4.710209e+01
2.304688e+02	4.665078e+01
2.343751e+02	4.560565e+01
2.382813e+02	4.508308e+01
2.421876e+02	4.551064e+01
2.460938e+02	4.513059e+01
2.500001e+02	4.346789e+01
2.539063e+02	4.391919e+01
2.578126e+02	4.413297e+01
2.617188e+02	4.268404e+01
2.656251e+02	4.325411e+01
2.695313e+02	4.334912e+01
2.734376e+02	4.266029e+01
2.773438e+02	4.190019e+01
2.812501e+02	4.175768e+01
2.851563e+02	4.168642e+01
2.890626e+02	4.156765e+01
2.929688e+02	3.976243e+01
2.968751e+02	4.057003e+01
3.007813e+02	4.023749e+01
3.046876e+02	3.926361e+01
3.085938e+02	3.966742e+01
3.125001e+02	3.931112e+01
3.164063e+02	3.893107e+01
3.203126e+02	3.866979e+01
3.242188e+02	3.836101e+01
3.281251e+02	3.771967e+01
3.320313e+02	3.752965e+01
3.359376e+02	3.691207e+01
3.398438e+02	3.712585e+01
3.437501e+02	3.703084e+01
3.476563e+02	3.676956e+01
3.515626e+02	3.698333e+01
3.554688e+02	3.679331e+01
3.593751e+02	3.638951e+01
3.632813e+02	3.562942e+01
3.671876e+02	3.496433e+01
3.710938e+02	3.479806e+01
3.750001e+02	3.463179e+01
3.789063e+02	3.498808e+01
3.828126e+02	3.486932e+01
3.867189e+02	3.353916e+01
3.906251e+02	3.456053e+01
3.945314e+02	3.351540e+01
3.984376e+02	3.275531e+01
4.023439e+02	3.268405e+01
4.062501e+02	3.311160e+01
4.101564e+02	3.313536e+01
4.140626e+02	3.325412e+01
4.179689e+02	3.254153e+01
4.218751e+02	3.209023e+01
4.257814e+02	3.216148e+01
4.296876e+02	3.185270e+01
4.335939e+02	3.083132e+01
4.375001e+02	2.997622e+01
4.414064e+02	3.083132e+01
4.453126e+02	2.985745e+01
4.492189e+02	2.978619e+01
4.531251e+02	2.909736e+01
4.570314e+02	2.885983e+01
4.609376e+02	2.940615e+01
4.648439e+02	2.762467e+01
4.687501e+02	2.781470e+01
4.726564e+02	2.776719e+01
4.765626e+02	2.686458e+01
4.804689e+02	2.641327e+01
4.843751e+02	2.619950e+01
4.882813e+02	2.543940e+01
4.921876e+02	2.494059e+01
4.960938e+02	2.482182e+01
5.000000e+02	2.508311e+01
5.039062e+02	2.479807e+01
5.078124e+02	2.368168e+01
5.117187e+02	2.377670e+01
5.156249e+02	2.365793e+01
5.195311e+02	2.261280e+01
5.234373e+02	2.156767e+01
5.273436e+02	2.239903e+01
5.312498e+02	2.125888e+01
5.351560e+02	2.080758e+01
5.390622e+02	2.023751e+01
5.429685e+02	2.128264e+01
5.468747e+02	1.952492e+01
5.507809e+02	1.992872e+01
5.546871e+02	1.912112e+01
5.585933e+02	1.895485e+01
5.624996e+02	1.764844e+01
5.664058e+02	1.814725e+01
5.703120e+02	1.736340e+01
5.742182e+02	1.684084e+01
5.781245e+02	1.579571e+01
5.820307e+02	1.629452e+01
5.859369e+02	1.513062e+01
5.898431e+02	1.475058e+01
5.937493e+02	1.510687e+01
5.976556e+02	1.589072e+01
6.015618e+02	1.456055e+01
6.054680e+02	1.574820e+01
6.093742e+02	1.558193e+01
6.132805e+02	1.465557e+01
6.171867e+02	1.472683e+01
6.210929e+02	1.631827e+01
6.249991e+02	1.629452e+01
6.289054e+02	1.648454e+01
6.328116e+02	1.657955e+01
6.367178e+02	1.767219e+01
6.406240e+02	1.745841e+01
6.445302e+02	1.667457e+01
6.484365e+02	1.676958e+01
6.523427e+02	1.660331e+01
6.562489e+02	1.788596e+01
6.601551e+02	1.693585e+01
6.640614e+02	1.790972e+01
6.679676e+02	1.774345e+01
6.718738e+02	1.745841e+01
6.757800e+02	1.745841e+01
6.796863e+02	1.862231e+01
6.835925e+02	1.864606e+01
6.874987e+02	1.885984e+01
6.914049e+02	1.933490e+01
6.953111e+02	1.957243e+01
6.992174e+02	1.966744e+01
7.031236e+02	2.130639e+01
7.070298e+02	2.135390e+01
7.109360e+02	2.104511e+01
7.148423e+02	2.156767e+01
7.187485e+02	2.228026e+01
7.226547e+02	2.256530e+01
7.265609e+02	2.382420e+01
7.304671e+02	2.420425e+01
7.343734e+02	2.439427e+01
7.382796e+02	2.396672e+01
7.421858e+02	2.479807e+01
7.460920e+02	2.524938e+01
7.499983e+02	2.489308e+01
7.539045e+02	2.560567e+01
7.578107e+02	2.712586e+01
7.617169e+02	2.731589e+01
7.656232e+02	2.681707e+01
7.695294e+02	2.731589e+01
7.734356e+02	2.826600e+01
7.773418e+02	2.805223e+01
7.812480e+02	2.836101e+01
7.851543e+02	2.914486e+01
7.890605e+02	2.983370e+01
7.929667e+02	3.035626e+01
7.968729e+02	3.142515e+01
8.007792e+02	3.121137e+01
8.046854e+02	3.116386e+01
8.085916e+02	3.201897e+01
8.124978e+02	3.334913e+01
8.164041e+02	3.304034e+01
8.203103e+02	3.353916e+01
8.242165e+02	3.491683e+01
8.281227e+02	3.593820e+01
8.320289e+02	3.603321e+01
8.359352e+02	3.693583e+01
8.398414e+02	3.814723e+01
8.437476e+02	3.802846e+01
8.476538e+02	3.890732e+01
8.515601e+02	3.957240e+01
8.554663e+02	4.059378e+01
8.593725e+02	4.125886e+01
8.632787e+02	4.261278e+01
8.671850e+02	4.296907e+01
8.710912e+02	4.313534e+01
8.749974e+02	4.351539e+01
8.789036e+02	4.520185e+01
8.828098e+02	4.551064e+01
8.867161e+02	4.596195e+01
8.906223e+02	4.733961e+01
8.945285e+02	4.757715e+01
8.984347e+02	4.774341e+01
9.023410e+02	4.805220e+01
9.062472e+02	4.760090e+01
9.101534e+02	4.885980e+01
9.140596e+02	4.897857e+01
9.179658e+02	5.083130e+01
9.218721e+02	5.187643e+01
9.257783e+02	5.199519e+01
9.296845e+02	5.232773e+01
9.335907e+02	5.334911e+01
9.374970e+02	5.422797e+01
9.414032e+02	5.448925e+01
9.453094e+02	5.610445e+01
9.492156e+02	5.653201e+01
9.531219e+02	5.733961e+01
9.570281e+02	5.726834e+01
9.609344e+02	5.859851e+01
9.648406e+02	5.845600e+01
9.687469e+02	5.938236e+01
9.726532e+02	5.983367e+01
9.765595e+02	5.995243e+01
9.804658e+02	6.066502e+01
9.843720e+02	6.011869e+01
9.882783e+02	6.216145e+01
9.921846e+02	6.218520e+01
9.960909e+02	6.268402e+01
