实验仪器为布鲁克AFM，所用模式为peak force QNM in air，扫描范围（scan size）为50nm×50nm，压电陶瓷总位移为5000nm，下压力为10uN。
AFM探针型号为DDESP-V2，所测材料为二维cof薄膜，基底为铜网，此时将铜网放置在干净的硅片上，进行测试。以下数据为随着探针下压，探针所受力的变化。
    um         	uN
4.980471e+00	1.067237e+00
4.960940e+00	1.056178e+00
4.941408e+00	1.072767e+00
4.921877e+00	1.081062e+00
4.902346e+00	1.089356e+00
4.882814e+00	1.097651e+00
4.863283e+00	1.105945e+00
4.843751e+00	1.111475e+00
4.824220e+00	1.119770e+00
4.804689e+00	1.128064e+00
4.785157e+00	1.130829e+00
4.765626e+00	1.141888e+00
4.746094e+00	1.147418e+00
4.726563e+00	1.158478e+00
4.707032e+00	1.166772e+00
4.687500e+00	1.172302e+00
4.667969e+00	1.183361e+00
4.648437e+00	1.188891e+00
4.628906e+00	1.202715e+00
4.609375e+00	1.202715e+00
4.589843e+00	1.213775e+00
4.570312e+00	1.222069e+00
4.550780e+00	1.227599e+00
4.531249e+00	1.238659e+00
4.511718e+00	1.244188e+00
4.492186e+00	1.252483e+00
4.472655e+00	1.260778e+00
4.453123e+00	1.269072e+00
4.433592e+00	1.280132e+00
4.414061e+00	1.282897e+00
4.394529e+00	1.293956e+00
4.374998e+00	1.302251e+00
4.355466e+00	1.307780e+00
4.335935e+00	1.316075e+00
4.316404e+00	1.324369e+00
4.296872e+00	1.332664e+00
4.277341e+00	1.340959e+00
4.257809e+00	1.349253e+00
4.238278e+00	1.360313e+00
4.218747e+00	1.365842e+00
4.199215e+00	1.371372e+00
4.179684e+00	1.376902e+00
4.160152e+00	1.382432e+00
4.140621e+00	1.396256e+00
4.121090e+00	1.404551e+00
4.101558e+00	1.410080e+00
4.082027e+00	1.418375e+00
4.062495e+00	1.426669e+00
4.042964e+00	1.437729e+00
4.023433e+00	1.446023e+00
4.003901e+00	1.451553e+00
3.984370e+00	1.454318e+00
3.964838e+00	1.468142e+00
3.945307e+00	1.473672e+00
3.925776e+00	1.481967e+00
3.906244e+00	1.490261e+00
3.886713e+00	1.498556e+00
3.867181e+00	1.506850e+00
3.847650e+00	1.515145e+00
3.828119e+00	1.523440e+00
3.808588e+00	1.528969e+00
3.789056e+00	1.531734e+00
3.769525e+00	1.542794e+00
3.749994e+00	1.548323e+00
3.730463e+00	1.556618e+00
3.710932e+00	1.564913e+00
3.691400e+00	1.570442e+00
3.671869e+00	1.575972e+00
3.652338e+00	1.584267e+00
3.632807e+00	1.589796e+00
3.613276e+00	1.598091e+00
3.593745e+00	1.603621e+00
3.574213e+00	1.606385e+00
3.554682e+00	1.614680e+00
3.535151e+00	1.620210e+00
3.515620e+00	1.622975e+00
3.496089e+00	1.625740e+00
3.476558e+00	1.631269e+00
3.457026e+00	1.636799e+00
3.437495e+00	1.645094e+00
3.417964e+00	1.650623e+00
3.398433e+00	1.653388e+00
3.378902e+00	1.656153e+00
3.359371e+00	1.661683e+00
3.339839e+00	1.669977e+00
3.320308e+00	1.675507e+00
3.300777e+00	1.678272e+00
3.281246e+00	1.681037e+00
3.261715e+00	1.689331e+00
3.242184e+00	1.689331e+00
3.222652e+00	1.694861e+00
3.203121e+00	1.694861e+00
3.183590e+00	1.700391e+00
3.164059e+00	1.703156e+00
3.144528e+00	1.705920e+00
3.124997e+00	1.705920e+00
3.105465e+00	1.711450e+00
3.085934e+00	1.719745e+00
3.066403e+00	1.722510e+00
3.046872e+00	1.728039e+00
3.027341e+00	1.733569e+00
3.007809e+00	1.739099e+00
2.988278e+00	1.744629e+00
2.968747e+00	1.747394e+00
2.949216e+00	1.747394e+00
2.929685e+00	1.755688e+00
2.910154e+00	1.761218e+00
2.890622e+00	1.766748e+00
2.871091e+00	1.769512e+00
2.851560e+00	1.772277e+00
2.832029e+00	1.775042e+00
2.812498e+00	1.775042e+00
2.792967e+00	1.777807e+00
2.773435e+00	1.786102e+00
2.753904e+00	1.788867e+00
2.734373e+00	1.791631e+00
2.714842e+00	1.794396e+00
2.695311e+00	1.799926e+00
2.675780e+00	1.799926e+00
2.656248e+00	1.805456e+00
2.636717e+00	1.810986e+00
2.617186e+00	1.813750e+00
2.597655e+00	1.816515e+00
2.578124e+00	1.819280e+00
2.558593e+00	1.816515e+00
2.539061e+00	1.824810e+00
2.519530e+00	1.827574e+00
2.499999e+00	1.833104e+00
2.480468e+00	1.833104e+00
2.460937e+00	1.835869e+00
2.441406e+00	1.838634e+00
2.421874e+00	1.841399e+00
2.402343e+00	1.838634e+00
2.382812e+00	1.838634e+00
2.363281e+00	1.835869e+00
2.343750e+00	1.833104e+00
2.324218e+00	1.830339e+00
2.304687e+00	1.830339e+00
2.285156e+00	1.827574e+00
2.265625e+00	1.827574e+00
2.246094e+00	1.822045e+00
2.226563e+00	1.822045e+00
2.207031e+00	1.816515e+00
2.187500e+00	1.808221e+00
2.167969e+00	1.794396e+00
2.148438e+00	1.777807e+00
2.128907e+00	1.761218e+00
2.109376e+00	1.741864e+00
2.089844e+00	1.711450e+00
2.070313e+00	1.669977e+00
2.050782e+00	1.628504e+00
2.031251e+00	1.595326e+00
2.011720e+00	1.575972e+00
1.992189e+00	1.553853e+00
1.972657e+00	1.523440e+00
1.953126e+00	1.490261e+00
1.933595e+00	1.437729e+00
1.914064e+00	1.396256e+00
1.894533e+00	1.365842e+00
1.875001e+00	1.346488e+00
1.855470e+00	1.329899e+00
1.835939e+00	1.310545e+00
1.816407e+00	1.288426e+00
1.796876e+00	1.269072e+00
1.777345e+00	1.258013e+00
1.757814e+00	1.241424e+00
1.738282e+00	1.233129e+00
1.718751e+00	1.222069e+00
1.699220e+00	1.213775e+00
1.679688e+00	1.208245e+00
1.660157e+00	1.194421e+00
1.640626e+00	1.186126e+00
1.621095e+00	1.094886e+00
1.601563e+00	6.829212e-01
1.582032e+00	6.718618e-01
1.562501e+00	6.663320e-01
1.542969e+00	6.663320e-01
1.523438e+00	6.635672e-01
1.503907e+00	6.635672e-01
1.484376e+00	6.608023e-01
1.464844e+00	6.608023e-01
1.445313e+00	6.580374e-01
1.425782e+00	6.552726e-01
1.406250e+00	6.525077e-01
1.386719e+00	6.497428e-01
1.367188e+00	6.442131e-01
1.347657e+00	6.386834e-01
1.328125e+00	6.359185e-01
1.308594e+00	6.331537e-01
1.289063e+00	6.359185e-01
1.269531e+00	6.331537e-01
1.250000e+00	6.359185e-01
1.230469e+00	6.359185e-01
1.210938e+00	6.359185e-01
1.191406e+00	6.414483e-01
1.171875e+00	6.386834e-01
1.152344e+00	6.414483e-01
1.132812e+00	6.442131e-01
1.113281e+00	6.469780e-01
1.093750e+00	6.469780e-01
1.074219e+00	6.552726e-01
1.054687e+00	6.497428e-01
1.035156e+00	6.497428e-01
1.015625e+00	6.497428e-01
9.960935e-01	6.497428e-01
9.765622e-01	6.497428e-01
9.570309e-01	6.497428e-01
9.374997e-01	6.497428e-01
9.179685e-01	6.552726e-01
8.984372e-01	6.525077e-01
8.789060e-01	6.525077e-01
8.593748e-01	6.552726e-01
8.398436e-01	6.552726e-01
8.203123e-01	6.552726e-01
8.007811e-01	6.525077e-01
7.812499e-01	6.525077e-01
7.617186e-01	6.497428e-01
7.421874e-01	6.386834e-01
7.226562e-01	6.220942e-01
7.031250e-01	6.055050e-01
6.835937e-01	5.944456e-01
6.640625e-01	5.889158e-01
6.445313e-01	5.833861e-01
6.250000e-01	5.806212e-01
6.054688e-01	5.750915e-01
5.859376e-01	5.612672e-01
5.664064e-01	5.612672e-01
5.468751e-01	5.557375e-01
5.273439e-01	5.529726e-01
5.078127e-01	5.502077e-01
4.882814e-01	5.474429e-01
4.687502e-01	5.419132e-01
4.492189e-01	5.336186e-01
4.296877e-01	5.225592e-01
4.101564e-01	5.142646e-01
3.906252e-01	5.059700e-01
3.710939e-01	4.976754e-01
3.515626e-01	4.838511e-01
3.320314e-01	4.396132e-01
3.125001e-01	4.285538e-01
2.929689e-01	4.257889e-01
2.734376e-01	4.202592e-01
2.539064e-01	4.147295e-01
2.343751e-01	4.091997e-01
2.148439e-01	4.036700e-01
1.953126e-01	4.009052e-01
1.757813e-01	3.953754e-01
1.562501e-01	3.926106e-01
1.367188e-01	3.870808e-01
1.171876e-01	3.787863e-01
9.765633e-02	3.732565e-01
7.812508e-02	3.704917e-01
5.859383e-02	3.677268e-01
3.906258e-02	3.649619e-01
1.953133e-02	3.621971e-01
7.815970e-08	3.594322e-01
