实验仪器为布鲁克AFM，所用模式为peak force QNM in air，扫描范围（scan size）为50nm×50nm，压电陶瓷总位移为5000nm，下压力为10uN。
AFM探针型号为DDESP-V2，所测材料为二维cof薄膜，基底为铜网，此时将铜网放置在干净的硅片上，进行测试。以下数据为随着探针下压，探针所受力的变化。
    um         	uN
4.980471e+00	1.985172e+00
4.960940e+00	1.985172e+00
4.941408e+00	2.004526e+00
4.921877e+00	2.015585e+00
4.902346e+00	2.021115e+00
4.882814e+00	2.032175e+00
4.863283e+00	2.037704e+00
4.843751e+00	2.040469e+00
4.824220e+00	2.040469e+00
4.804689e+00	2.040469e+00
4.785157e+00	2.037704e+00
4.765626e+00	2.032175e+00
4.746094e+00	2.023880e+00
4.726563e+00	2.015585e+00
4.707032e+00	2.012820e+00
4.687500e+00	2.004526e+00
4.667969e+00	1.990702e+00
4.648437e+00	1.985172e+00
4.628906e+00	1.974112e+00
4.609375e+00	1.963053e+00
4.589843e+00	1.954758e+00
4.570312e+00	1.946464e+00
4.550780e+00	1.938169e+00
4.531249e+00	1.927109e+00
4.511718e+00	1.916050e+00
4.492186e+00	1.907756e+00
4.472655e+00	1.896696e+00
4.453123e+00	1.885637e+00
4.433592e+00	1.871812e+00
4.414061e+00	1.869048e+00
4.394529e+00	1.857988e+00
4.374998e+00	1.846929e+00
4.355466e+00	1.841399e+00
4.335935e+00	1.822045e+00
4.316404e+00	1.813750e+00
4.296872e+00	1.802691e+00
4.277341e+00	1.797161e+00
4.257809e+00	1.777807e+00
4.238278e+00	1.761218e+00
4.218747e+00	1.755688e+00
4.199215e+00	1.747394e+00
4.179684e+00	1.739099e+00
4.160152e+00	1.728039e+00
4.140621e+00	1.716980e+00
4.121090e+00	1.711450e+00
4.101558e+00	1.703156e+00
4.082027e+00	1.692096e+00
4.062495e+00	1.683802e+00
4.042964e+00	1.678272e+00
4.023433e+00	1.669977e+00
4.003901e+00	1.658918e+00
3.984370e+00	1.642329e+00
3.964838e+00	1.634034e+00
3.945307e+00	1.620210e+00
3.925776e+00	1.606385e+00
3.906244e+00	1.595326e+00
3.886713e+00	1.581502e+00
3.867181e+00	1.570442e+00
3.847650e+00	1.559383e+00
3.828119e+00	1.548323e+00
3.808588e+00	1.534499e+00
3.789056e+00	1.523440e+00
3.769525e+00	1.515145e+00
3.749994e+00	1.504086e+00
3.730463e+00	1.493026e+00
3.710932e+00	1.484731e+00
3.691400e+00	1.473672e+00
3.671869e+00	1.454318e+00
3.652338e+00	1.432199e+00
3.632807e+00	1.412845e+00
3.613276e+00	1.399021e+00
3.593745e+00	1.387961e+00
3.574213e+00	1.376902e+00
3.554682e+00	1.363078e+00
3.535151e+00	1.352018e+00
3.515620e+00	1.340959e+00
3.496089e+00	1.329899e+00
3.476558e+00	1.321605e+00
3.457026e+00	1.313310e+00
3.437495e+00	1.305015e+00
3.417964e+00	1.293956e+00
3.398433e+00	1.285661e+00
3.378902e+00	1.274602e+00
3.359371e+00	1.269072e+00
3.339839e+00	1.258013e+00
3.320308e+00	1.241424e+00
3.300777e+00	1.233129e+00
3.281246e+00	1.222069e+00
3.261715e+00	1.208245e+00
3.242184e+00	1.197186e+00
3.222652e+00	1.186126e+00
3.203121e+00	1.177832e+00
3.183590e+00	1.166772e+00
3.164059e+00	1.158478e+00
3.144528e+00	1.150183e+00
3.124997e+00	1.139124e+00
3.105465e+00	1.125299e+00
3.085934e+00	1.114240e+00
3.066403e+00	1.103180e+00
3.046872e+00	1.092121e+00
3.027341e+00	1.083826e+00
3.007809e+00	1.072767e+00
2.988278e+00	1.061708e+00
2.968747e+00	1.047883e+00
2.949216e+00	1.039589e+00
2.929685e+00	1.025764e+00
2.910154e+00	1.011940e+00
2.890622e+00	1.003645e+00
2.871091e+00	9.925859e-01
2.851560e+00	9.815265e-01
2.832029e+00	9.759967e-01
2.812498e+00	9.649373e-01
2.792967e+00	9.566427e-01
2.773435e+00	9.455832e-01
2.753904e+00	9.345238e-01
2.734373e+00	9.234643e-01
2.714842e+00	9.151697e-01
2.695311e+00	9.068751e-01
2.675780e+00	8.958157e-01
2.656248e+00	8.875211e-01
2.636717e+00	8.792265e-01
2.617186e+00	8.709319e-01
2.597655e+00	8.626373e-01
2.578124e+00	8.543427e-01
2.558593e+00	8.432833e-01
2.539061e+00	8.349887e-01
2.519530e+00	8.239292e-01
2.499999e+00	8.101049e-01
2.480468e+00	8.018103e-01
2.460937e+00	7.935157e-01
2.441406e+00	7.824563e-01
2.421874e+00	7.631023e-01
2.402343e+00	7.548077e-01
2.382812e+00	7.437482e-01
2.363281e+00	7.354536e-01
2.343750e+00	7.243942e-01
2.324218e+00	7.160996e-01
2.304687e+00	7.022753e-01
2.285156e+00	6.939807e-01
2.265625e+00	6.829212e-01
2.246094e+00	6.718618e-01
2.226563e+00	6.580374e-01
2.207031e+00	6.469780e-01
2.187500e+00	6.359185e-01
2.167969e+00	6.248591e-01
2.148438e+00	6.165645e-01
2.128907e+00	6.082699e-01
2.109376e+00	5.944456e-01
2.089844e+00	5.833861e-01
2.070313e+00	5.750915e-01
2.050782e+00	5.640321e-01
2.031251e+00	5.585023e-01
2.011720e+00	5.502077e-01
1.992189e+00	5.419132e-01
1.972657e+00	5.253240e-01
1.953126e+00	5.170294e-01
1.933595e+00	5.142646e-01
1.914064e+00	5.059700e-01
1.894533e+00	5.004403e-01
1.875001e+00	4.921457e-01
1.855470e+00	4.783213e-01
1.835939e+00	4.644970e-01
1.816407e+00	4.589673e-01
1.796876e+00	4.479078e-01
1.777345e+00	4.396132e-01
1.757814e+00	4.313187e-01
1.738282e+00	4.174943e-01
1.718751e+00	4.091997e-01
1.699220e+00	3.981403e-01
1.679688e+00	3.926106e-01
1.660157e+00	3.843160e-01
1.640626e+00	3.787863e-01
1.621095e+00	3.760214e-01
1.601563e+00	3.677268e-01
1.582032e+00	3.621971e-01
1.562501e+00	3.566674e-01
1.542969e+00	3.456079e-01
1.523438e+00	3.345484e-01
1.503907e+00	3.234890e-01
1.484376e+00	3.096647e-01
1.464844e+00	3.041349e-01
1.445313e+00	2.958404e-01
1.425782e+00	2.930755e-01
1.406250e+00	2.875458e-01
1.386719e+00	2.820160e-01
1.367188e+00	2.764863e-01
1.347657e+00	2.681917e-01
1.328125e+00	2.626620e-01
1.308594e+00	2.543674e-01
1.289063e+00	2.460728e-01
1.269531e+00	2.377782e-01
1.250000e+00	2.322485e-01
1.230469e+00	2.239539e-01
1.210938e+00	2.156593e-01
1.191406e+00	2.045999e-01
1.171875e+00	1.963053e-01
1.152344e+00	1.907756e-01
1.132812e+00	1.852458e-01
1.113281e+00	1.824810e-01
1.093750e+00	1.797161e-01
1.074219e+00	1.741864e-01
1.054687e+00	1.658918e-01
1.035156e+00	3.207241e-01
1.015625e+00	4.091997e-01
9.960935e-01	4.036700e-01
9.765622e-01	3.981403e-01
9.570309e-01	3.898457e-01
9.374997e-01	3.815511e-01
9.179685e-01	3.732565e-01
8.984372e-01	3.677268e-01
8.789060e-01	3.594322e-01
8.593748e-01	3.566674e-01
8.398436e-01	3.511376e-01
8.203123e-01	3.456079e-01
8.007811e-01	3.456079e-01
7.812499e-01	3.428430e-01
7.617186e-01	3.317836e-01
7.421874e-01	3.234890e-01
7.226562e-01	3.179593e-01
7.031250e-01	3.151944e-01
6.835937e-01	3.096647e-01
6.640625e-01	3.041349e-01
6.445313e-01	3.013701e-01
6.250000e-01	2.958404e-01
6.054688e-01	2.903106e-01
5.859376e-01	2.875458e-01
5.664064e-01	2.820160e-01
5.468751e-01	2.792512e-01
5.273439e-01	2.737215e-01
5.078127e-01	2.654269e-01
4.882814e-01	3.041349e-01
4.687502e-01	3.870808e-01
4.492189e-01	3.732565e-01
4.296877e-01	3.704917e-01
4.101564e-01	3.677268e-01
3.906252e-01	3.649619e-01
3.710939e-01	3.649619e-01
3.515626e-01	3.594322e-01
3.320314e-01	3.594322e-01
3.125001e-01	3.594322e-01
2.929689e-01	3.566674e-01
2.734376e-01	3.483728e-01
2.539064e-01	3.400782e-01
2.343751e-01	3.317836e-01
2.148439e-01	3.207241e-01
1.953126e-01	3.124295e-01
1.757813e-01	3.013701e-01
1.562501e-01	2.847809e-01
1.367188e-01	2.460728e-01
1.171876e-01	2.267188e-01
9.765633e-02	2.239539e-01
7.812508e-02	2.128945e-01
5.859383e-02	2.018350e-01
3.906258e-02	2.350134e-01
1.953133e-02	2.460728e-01
7.815970e-08	2.405431e-01
