实验仪器为布鲁克AFM，所用模式为peak force QNM in air，扫描范围（scan size）为50nm×50nm，压电陶瓷总位移为6000nm，下压力为10uN。
AFM探针型号为DDESP-V2，所测材料为二维cof薄膜，基底为铜网，此时将铜网放置在干净的硅片上，进行测试。以下数据为随着探针下压，探针所受力的变化。
    um         	uN
5.976573e+00	3.085587e+00
5.953136e+00	3.102176e+00
5.929698e+00	3.132590e+00
5.906260e+00	3.129825e+00
5.882823e+00	3.132590e+00
5.859385e+00	3.140884e+00
5.835947e+00	3.146414e+00
5.812510e+00	3.140884e+00
5.789072e+00	3.143649e+00
5.765634e+00	3.143649e+00
5.742197e+00	3.143649e+00
5.718759e+00	3.140884e+00
5.695321e+00	3.138120e+00
5.671884e+00	3.135355e+00
5.648446e+00	3.127060e+00
5.625008e+00	3.127060e+00
5.601571e+00	3.121530e+00
5.578133e+00	3.110471e+00
5.554695e+00	3.099412e+00
5.531258e+00	3.093882e+00
5.507820e+00	3.071763e+00
5.484382e+00	3.057939e+00
5.460945e+00	3.033055e+00
5.437507e+00	3.013701e+00
5.414069e+00	2.991582e+00
5.390631e+00	2.969463e+00
5.367194e+00	2.944579e+00
5.343756e+00	2.900341e+00
5.320318e+00	2.872693e+00
5.296881e+00	2.833985e+00
5.273443e+00	2.803571e+00
5.250005e+00	2.784217e+00
5.226568e+00	2.748274e+00
5.203130e+00	2.715096e+00
5.179692e+00	2.679152e+00
5.156255e+00	2.623855e+00
5.132817e+00	2.587912e+00
5.109379e+00	2.551969e+00
5.085942e+00	2.518790e+00
5.062504e+00	2.480082e+00
5.039066e+00	2.433080e+00
5.015629e+00	2.394371e+00
4.992191e+00	2.361193e+00
4.968753e+00	2.322485e+00
4.945316e+00	2.289307e+00
4.921878e+00	2.253364e+00
4.898440e+00	2.217420e+00
4.875003e+00	2.189772e+00
4.851565e+00	2.162123e+00
4.828127e+00	2.142769e+00
4.804690e+00	2.104061e+00
4.781252e+00	2.068118e+00
4.757814e+00	2.032175e+00
4.734376e+00	1.990702e+00
4.710939e+00	1.949228e+00
4.687501e+00	1.907756e+00
4.664063e+00	1.880107e+00
4.640626e+00	1.849693e+00
4.617188e+00	1.819280e+00
4.593750e+00	1.791631e+00
4.570313e+00	1.755688e+00
4.546875e+00	1.725275e+00
4.523437e+00	1.689331e+00
4.500000e+00	1.653388e+00
4.476562e+00	1.625740e+00
4.453124e+00	1.587031e+00
4.429687e+00	1.553853e+00
4.406249e+00	1.526205e+00
4.382811e+00	1.487496e+00
4.359374e+00	1.448788e+00
4.335936e+00	1.415610e+00
4.312498e+00	1.382432e+00
4.289061e+00	1.343724e+00
4.265623e+00	1.302251e+00
4.242185e+00	1.252483e+00
4.218748e+00	1.213775e+00
4.195310e+00	1.180597e+00
4.171872e+00	1.150183e+00
4.148435e+00	1.117005e+00
4.124997e+00	1.083826e+00
4.101559e+00	1.058943e+00
4.078121e+00	1.022999e+00
4.054684e+00	9.953508e-01
4.031246e+00	9.649373e-01
4.007808e+00	9.262292e-01
3.984371e+00	8.902859e-01
3.960933e+00	8.681670e-01
3.937495e+00	8.405184e-01
3.914058e+00	8.128698e-01
3.890620e+00	7.631023e-01
3.867182e+00	7.409834e-01
3.843745e+00	7.160996e-01
3.820307e+00	6.856861e-01
3.796870e+00	6.525077e-01
3.773432e+00	6.331537e-01
3.749995e+00	5.972104e-01
3.726557e+00	5.667969e-01
3.703120e+00	5.391483e-01
3.679682e+00	5.170294e-01
3.656245e+00	4.921457e-01
3.632807e+00	4.727916e-01
3.609370e+00	4.506727e-01
3.585933e+00	4.285538e-01
3.562495e+00	4.064349e-01
3.539058e+00	3.787863e-01
3.515620e+00	3.566674e-01
3.492183e+00	3.290187e-01
3.468745e+00	3.013701e-01
3.445308e+00	3.400782e-01
3.421870e+00	3.677268e-01
3.398433e+00	3.649619e-01
3.374995e+00	3.539025e-01
3.351558e+00	3.704917e-01
3.328121e+00	3.870808e-01
3.304683e+00	3.787863e-01
3.281246e+00	3.704917e-01
3.257808e+00	3.677268e-01
3.234371e+00	3.649619e-01
3.210933e+00	3.649619e-01
3.187496e+00	3.704917e-01
3.164058e+00	3.511376e-01
3.140621e+00	3.456079e-01
3.117183e+00	3.345484e-01
3.093746e+00	3.234890e-01
3.070309e+00	3.262539e-01
3.046871e+00	3.345484e-01
3.023434e+00	3.290187e-01
2.999996e+00	3.179593e-01
2.976559e+00	3.124295e-01
2.953121e+00	3.096647e-01
2.929684e+00	3.068998e-01
2.906246e+00	2.958404e-01
2.882809e+00	2.847809e-01
2.859372e+00	2.847809e-01
2.835934e+00	2.958404e-01
2.812497e+00	2.903106e-01
2.789059e+00	2.930755e-01
2.765622e+00	3.013701e-01
2.742184e+00	2.958404e-01
2.718747e+00	2.930755e-01
2.695309e+00	3.373133e-01
2.671872e+00	3.511376e-01
2.648434e+00	3.373133e-01
2.624997e+00	3.290187e-01
2.601560e+00	3.234890e-01
2.578122e+00	3.124295e-01
2.554685e+00	3.013701e-01
2.531247e+00	2.903106e-01
2.507810e+00	3.234890e-01
2.484372e+00	3.511376e-01
2.460935e+00	3.539025e-01
2.437497e+00	3.732565e-01
2.414060e+00	3.704917e-01
2.390623e+00	3.649619e-01
2.367185e+00	3.760214e-01
2.343748e+00	3.843160e-01
2.320310e+00	3.843160e-01
2.296873e+00	3.787863e-01
2.273435e+00	3.953754e-01
2.249998e+00	4.064349e-01
2.226560e+00	4.064349e-01
2.203123e+00	4.119646e-01
2.179685e+00	3.787863e-01
2.156248e+00	3.649619e-01
2.132811e+00	3.566674e-01
2.109373e+00	3.815511e-01
2.085936e+00	3.815511e-01
2.062498e+00	3.732565e-01
2.039061e+00	3.677268e-01
2.015623e+00	3.621971e-01
1.992186e+00	3.539025e-01
1.968748e+00	3.539025e-01
1.945311e+00	3.566674e-01
1.921873e+00	3.594322e-01
1.898436e+00	3.815511e-01
1.874999e+00	3.815511e-01
1.851561e+00	3.649619e-01
1.828124e+00	3.511376e-01
1.804686e+00	3.400782e-01
1.781249e+00	3.290187e-01
1.757811e+00	2.875458e-01
1.734374e+00	2.958404e-01
1.710936e+00	3.566674e-01
1.687499e+00	3.511376e-01
1.664062e+00	3.483728e-01
1.640624e+00	3.428430e-01
1.617187e+00	3.345484e-01
1.593749e+00	3.290187e-01
1.570312e+00	3.345484e-01
1.546874e+00	3.621971e-01
1.523437e+00	3.234890e-01
1.499999e+00	3.124295e-01
1.476562e+00	2.930755e-01
1.453124e+00	2.847809e-01
1.429687e+00	2.875458e-01
1.406250e+00	3.207241e-01
1.382812e+00	3.124295e-01
1.359375e+00	3.013701e-01
1.335937e+00	2.875458e-01
1.312500e+00	2.737215e-01
1.289062e+00	2.737215e-01
1.265625e+00	2.737215e-01
1.242187e+00	2.681917e-01
1.218750e+00	2.764863e-01
1.195313e+00	2.764863e-01
1.171875e+00	2.626620e-01
1.148438e+00	2.488377e-01
1.125000e+00	2.377782e-01
1.101563e+00	2.294836e-01
1.078125e+00	2.654269e-01
1.054688e+00	3.068998e-01
1.031250e+00	2.958404e-01
1.007813e+00	2.930755e-01
9.843754e-01	2.958404e-01
9.609380e-01	2.903106e-01
9.375005e-01	2.820160e-01
9.140630e-01	2.792512e-01
8.906255e-01	2.654269e-01
8.671880e-01	2.543674e-01
8.437505e-01	2.377782e-01
8.203129e-01	2.239539e-01
7.968754e-01	2.184242e-01
7.734379e-01	2.101296e-01
7.500004e-01	1.990701e-01
7.265629e-01	2.322485e-01
7.031254e-01	2.958404e-01
6.796879e-01	2.958404e-01
6.562504e-01	2.986052e-01
6.328129e-01	3.041349e-01
6.093754e-01	3.151944e-01
5.859379e-01	3.096647e-01
5.625004e-01	2.986052e-01
5.390629e-01	2.875458e-01
5.156253e-01	2.737215e-01
4.921878e-01	2.654269e-01
4.687503e-01	2.571323e-01
4.453128e-01	2.460728e-01
4.218753e-01	2.350134e-01
3.984378e-01	2.239539e-01
3.750003e-01	2.128945e-01
3.515628e-01	2.045999e-01
3.281253e-01	1.935404e-01
3.046878e-01	1.852458e-01
2.812503e-01	2.267188e-01
2.578128e-01	2.322485e-01
2.343752e-01	2.322485e-01
2.109377e-01	2.294836e-01
1.875002e-01	2.211891e-01
1.640627e-01	2.101296e-01
1.406252e-01	2.073647e-01
1.171877e-01	2.405431e-01
9.375020e-02	2.460728e-01
7.031269e-02	2.350134e-01
4.687519e-02	2.239539e-01
2.343769e-02	2.101296e-01
1.811884e-07	2.184242e-01
