实验仪器为布鲁克AFM，所用模式为peak force QNM in air，扫描范围（scan size）为50nm×50nm，压电陶瓷总位移为7000nm，下压力为100nN。
AFM探针型号为RTESPA-150，所测材料为二维cof薄膜，基底为铜网，此时将铜网放置在干净的硅片上，进行测试。以下数据为随着探针下压，探针所受力的变化。
    um         	nN
6.972672e+00	-7.553205e+00
6.945328e+00	-7.624462e+00
6.917984e+00	-7.766976e+00
6.890640e+00	-7.861984e+00
6.863296e+00	-7.933241e+00
6.835952e+00	-8.147011e+00
6.808608e+00	-8.360781e+00
6.781264e+00	-8.479542e+00
6.753920e+00	-8.574551e+00
6.726576e+00	-8.645808e+00
6.699232e+00	-8.788321e+00
6.671888e+00	-8.978339e+00
6.644544e+00	-9.097100e+00
6.617200e+00	-9.215861e+00
6.589856e+00	-9.287118e+00
6.562512e+00	-9.453383e+00
6.535168e+00	-9.667153e+00
6.507824e+00	-9.762162e+00
6.480480e+00	-9.880923e+00
6.453136e+00	-9.928427e+00
6.425792e+00	-1.007094e+01
6.398448e+00	-1.011844e+01
6.371105e+00	-1.033222e+01
6.343761e+00	-1.056974e+01
6.316417e+00	-1.061724e+01
6.289073e+00	-1.085476e+01
6.261729e+00	-1.094977e+01
6.234385e+00	-1.111604e+01
6.207041e+00	-1.125855e+01
6.179697e+00	-1.144857e+01
6.152353e+00	-1.154358e+01
6.125009e+00	-1.156733e+01
6.097665e+00	-1.173360e+01
6.070321e+00	-1.185236e+01
6.042977e+00	-1.197112e+01
6.015633e+00	-1.204238e+01
5.988289e+00	-1.235115e+01
5.960945e+00	-1.249367e+01
5.933601e+00	-1.263618e+01
5.906257e+00	-1.273119e+01
5.878913e+00	-1.289745e+01
5.851569e+00	-1.296871e+01
5.824225e+00	-1.308747e+01
5.796881e+00	-1.327749e+01
5.769537e+00	-1.334875e+01
5.742193e+00	-1.342000e+01
5.714850e+00	-1.356252e+01
5.687506e+00	-1.372878e+01
5.660162e+00	-1.384754e+01
5.632818e+00	-1.403756e+01
5.605474e+00	-1.420383e+01
5.578130e+00	-1.432259e+01
5.550786e+00	-1.448885e+01
5.523442e+00	-1.458386e+01
5.496098e+00	-1.470262e+01
5.468754e+00	-1.475013e+01
5.441410e+00	-1.494015e+01
5.414066e+00	-1.510641e+01
5.386722e+00	-1.517767e+01
5.359378e+00	-1.532018e+01
5.332034e+00	-1.548645e+01
5.304690e+00	-1.558146e+01
5.277346e+00	-1.572397e+01
5.250002e+00	-1.584273e+01
5.222658e+00	-1.598524e+01
5.195314e+00	-1.612776e+01
5.167970e+00	-1.617526e+01
5.140626e+00	-1.636528e+01
5.113282e+00	-1.657905e+01
5.085938e+00	-1.665030e+01
5.058595e+00	-1.676907e+01
5.031251e+00	-1.686407e+01
5.003907e+00	-1.688783e+01
4.976563e+00	-1.693533e+01
4.949219e+00	-1.698284e+01
4.921875e+00	-1.691158e+01
4.894531e+00	-1.691158e+01
4.867187e+00	-1.684032e+01
4.839843e+00	-1.693533e+01
4.812499e+00	-1.695908e+01
4.785155e+00	-1.693533e+01
4.757811e+00	-1.698284e+01
4.730467e+00	-1.688783e+01
4.703123e+00	-1.684032e+01
4.675779e+00	-1.691158e+01
4.648435e+00	-1.688783e+01
4.621091e+00	-1.688783e+01
4.593747e+00	-1.688783e+01
4.566403e+00	-1.693533e+01
4.539059e+00	-1.688783e+01
4.511715e+00	-1.688783e+01
4.484371e+00	-1.695908e+01
4.457027e+00	-1.695908e+01
4.429683e+00	-1.698284e+01
4.402340e+00	-1.698284e+01
4.374996e+00	-1.695908e+01
4.347652e+00	-1.698284e+01
4.320308e+00	-1.693533e+01
4.292964e+00	-1.693533e+01
4.265620e+00	-1.705409e+01
4.238276e+00	-1.707784e+01
4.210932e+00	-1.710160e+01
4.183588e+00	-1.707784e+01
4.156244e+00	-1.710160e+01
4.128900e+00	-1.700659e+01
4.101556e+00	-1.703034e+01
4.074212e+00	-1.703034e+01
4.046868e+00	-1.698284e+01
4.019524e+00	-1.700659e+01
3.992180e+00	-1.705409e+01
3.964836e+00	-1.710160e+01
3.937492e+00	-1.712535e+01
3.910148e+00	-1.710160e+01
3.882804e+00	-1.712535e+01
3.855460e+00	-1.707784e+01
3.828116e+00	-1.707784e+01
3.800773e+00	-1.707784e+01
3.773429e+00	-1.710160e+01
3.746085e+00	-1.698284e+01
3.718741e+00	-1.710160e+01
3.691398e+00	-1.717285e+01
3.664054e+00	-1.719661e+01
3.636710e+00	-1.714910e+01
3.609367e+00	-1.712535e+01
3.582023e+00	-1.712535e+01
3.554679e+00	-1.714910e+01
3.527335e+00	-1.719661e+01
3.499992e+00	-1.712535e+01
3.472648e+00	-1.707784e+01
3.445304e+00	-1.705409e+01
3.417960e+00	-1.710160e+01
3.390617e+00	-1.712535e+01
3.363273e+00	-1.714910e+01
3.335929e+00	-1.719661e+01
3.308586e+00	-1.710160e+01
3.281242e+00	-1.710160e+01
3.253898e+00	-1.707784e+01
3.226554e+00	-1.710160e+01
3.199211e+00	-1.703034e+01
3.171867e+00	-1.698284e+01
3.144523e+00	-1.705409e+01
3.117179e+00	-1.712535e+01
3.089836e+00	-1.714910e+01
3.062492e+00	-1.714910e+01
3.035148e+00	-1.710160e+01
3.007804e+00	-1.710160e+01
2.980461e+00	-1.705409e+01
2.953117e+00	-1.707784e+01
2.925773e+00	-1.703034e+01
2.898430e+00	-1.700659e+01
2.871086e+00	-1.703034e+01
2.843742e+00	-1.712535e+01
2.816398e+00	-1.712535e+01
2.789055e+00	-1.710160e+01
2.761711e+00	-1.714910e+01
2.734367e+00	-1.710160e+01
2.707023e+00	-1.705409e+01
2.679680e+00	-1.710160e+01
2.652336e+00	-1.710160e+01
2.624992e+00	-1.710160e+01
2.597649e+00	-1.707784e+01
2.570305e+00	-1.703034e+01
2.542961e+00	-1.712535e+01
2.515617e+00	-1.705409e+01
2.488274e+00	-1.707784e+01
2.460930e+00	-1.712535e+01
2.433586e+00	-1.710160e+01
2.406242e+00	-1.707784e+01
2.378899e+00	-1.703034e+01
2.351555e+00	-1.707784e+01
2.324211e+00	-1.703034e+01
2.296867e+00	-1.703034e+01
2.269524e+00	-1.712535e+01
2.242180e+00	-1.717285e+01
2.214836e+00	-1.714910e+01
2.187493e+00	-1.710160e+01
2.160149e+00	-1.710160e+01
2.132805e+00	-1.714910e+01
2.105461e+00	-1.710160e+01
2.078118e+00	-1.717285e+01
2.050774e+00	-1.707784e+01
2.023430e+00	-1.707784e+01
1.996086e+00	-1.712535e+01
1.968743e+00	-1.717285e+01
1.941399e+00	-1.712535e+01
1.914055e+00	-1.714910e+01
1.886712e+00	-1.710160e+01
1.859368e+00	-1.705409e+01
1.832024e+00	-1.707784e+01
1.804680e+00	-1.705409e+01
1.777337e+00	-1.710160e+01
1.749993e+00	-1.710160e+01
1.722649e+00	-1.710160e+01
1.695305e+00	-1.710160e+01
1.667962e+00	-1.717285e+01
1.640618e+00	-1.710160e+01
1.613274e+00	-1.707784e+01
1.585930e+00	-1.710160e+01
1.558587e+00	-1.705409e+01
1.531243e+00	-1.707784e+01
1.503899e+00	-1.710160e+01
1.476556e+00	-1.710160e+01
1.449212e+00	-1.705409e+01
1.421868e+00	-1.717285e+01
1.394524e+00	-1.719661e+01
1.367181e+00	-1.717285e+01
1.339837e+00	-1.719661e+01
1.312493e+00	-1.714910e+01
1.285149e+00	-1.686407e+01
1.257806e+00	-1.681657e+01
1.230462e+00	-1.705409e+01
1.203118e+00	-1.707784e+01
1.175775e+00	-1.705409e+01
1.148431e+00	-1.712535e+01
1.121087e+00	-1.717285e+01
1.093743e+00	-1.712535e+01
1.066400e+00	-1.712535e+01
1.039056e+00	-1.710160e+01
1.011712e+00	-1.707784e+01
9.843684e-01	-1.707784e+01
9.570247e-01	-1.710160e+01
9.296809e-01	-1.712535e+01
9.023372e-01	-1.714910e+01
8.749935e-01	-1.712535e+01
8.476497e-01	-1.722036e+01
8.203060e-01	-1.726786e+01
7.929623e-01	-1.729162e+01
7.656186e-01	-1.724411e+01
7.382748e-01	-1.719661e+01
7.109311e-01	-1.717285e+01
6.835874e-01	-1.717285e+01
6.562436e-01	-1.714910e+01
6.288999e-01	-1.712535e+01
6.015562e-01	-1.710160e+01
5.742124e-01	-1.719661e+01
5.468687e-01	-1.714910e+01
5.195250e-01	-1.717285e+01
4.921812e-01	-1.719661e+01
4.648375e-01	-1.717285e+01
4.374937e-01	-1.719661e+01
4.101500e-01	-1.710160e+01
3.828062e-01	-1.714910e+01
3.554624e-01	-1.717285e+01
3.281187e-01	-1.712535e+01
3.007749e-01	-1.714910e+01
2.734312e-01	-1.724411e+01
2.460874e-01	-1.724411e+01
2.187437e-01	-1.724411e+01
1.913999e-01	-1.719661e+01
1.640562e-01	-1.714910e+01
1.367124e-01	-1.710160e+01
1.093687e-01	-1.710160e+01
8.202493e-02	-1.712535e+01
5.468117e-02	-1.710160e+01
2.733742e-02	-1.710160e+01
-6.327383e-06	-1.714910e+01
