实验仪器为布鲁克AFM，所用模式为peak force QNM in air，扫描范围（scan size）为50nm×50nm，压电陶瓷总位移为12110nm，下压力为100nN。
AFM探针型号为RTESPA-150，所测材料为二维cof薄膜，基底为铜网，此时将铜网放置在干净的硅片上，进行测试。以下数据为随着探针下压，探针所受力的变化。
    um         	nN
1.205892e+01	-9.738409e+00
1.201163e+01	-1.002344e+01
1.196434e+01	-1.026096e+01
1.191705e+01	-1.054598e+01
1.186976e+01	-1.071225e+01
1.182247e+01	-1.094977e+01
1.177518e+01	-1.113979e+01
1.172789e+01	-1.140106e+01
1.168059e+01	-1.161483e+01
1.163330e+01	-1.180485e+01
1.158601e+01	-1.192361e+01
1.153872e+01	-1.230365e+01
1.149143e+01	-1.268368e+01
1.144414e+01	-1.280245e+01
1.139685e+01	-1.303997e+01
1.134956e+01	-1.320623e+01
1.130227e+01	-1.349126e+01
1.125498e+01	-1.365753e+01
1.120769e+01	-1.387130e+01
1.116040e+01	-1.415632e+01
1.111311e+01	-1.434634e+01
1.106582e+01	-1.458386e+01
1.101853e+01	-1.482138e+01
1.097124e+01	-1.505891e+01
1.092395e+01	-1.522517e+01
1.087666e+01	-1.551020e+01
1.082937e+01	-1.567646e+01
1.078208e+01	-1.586648e+01
1.073479e+01	-1.605650e+01
1.068750e+01	-1.636528e+01
1.064021e+01	-1.648404e+01
1.059292e+01	-1.672156e+01
1.054563e+01	-1.710160e+01
1.049834e+01	-1.733912e+01
1.045105e+01	-1.748163e+01
1.040376e+01	-1.774291e+01
1.035647e+01	-1.790917e+01
1.030918e+01	-1.798043e+01
1.026189e+01	-1.821795e+01
1.021460e+01	-1.838422e+01
1.016731e+01	-1.864549e+01
1.012002e+01	-1.883551e+01
1.007273e+01	-1.904928e+01
1.002544e+01	-1.926305e+01
9.978152e+00	-1.921554e+01
9.930862e+00	-1.921554e+01
9.883572e+00	-1.928680e+01
9.836282e+00	-1.926305e+01
9.788992e+00	-1.933431e+01
9.741701e+00	-1.931055e+01
9.694411e+00	-1.933431e+01
9.647121e+00	-1.931055e+01
9.599831e+00	-1.935806e+01
9.552541e+00	-1.940556e+01
9.505251e+00	-1.942932e+01
9.457961e+00	-1.952432e+01
9.410671e+00	-1.954808e+01
9.363381e+00	-1.945307e+01
9.316091e+00	-1.947682e+01
9.268801e+00	-1.947682e+01
9.221510e+00	-1.942932e+01
9.174220e+00	-1.940556e+01
9.126930e+00	-1.938181e+01
9.079640e+00	-1.938181e+01
9.032350e+00	-1.942932e+01
8.985060e+00	-1.940556e+01
8.937770e+00	-1.945307e+01
8.890480e+00	-1.938181e+01
8.843190e+00	-1.935806e+01
8.795900e+00	-1.938181e+01
8.748610e+00	-1.940556e+01
8.701320e+00	-1.938181e+01
8.654029e+00	-1.935806e+01
8.606739e+00	-1.940556e+01
8.559449e+00	-1.940556e+01
8.512159e+00	-1.945307e+01
8.464869e+00	-1.942932e+01
8.417579e+00	-1.938181e+01
8.370289e+00	-1.938181e+01
8.322999e+00	-1.935806e+01
8.275709e+00	-1.938181e+01
8.228419e+00	-1.938181e+01
8.181129e+00	-1.938181e+01
8.133838e+00	-1.938181e+01
8.086548e+00	-1.952432e+01
8.039258e+00	-1.947682e+01
7.991968e+00	-1.942932e+01
7.944678e+00	-1.945307e+01
7.897388e+00	-1.942932e+01
7.850098e+00	-1.938181e+01
7.802808e+00	-1.938181e+01
7.755518e+00	-1.942932e+01
7.708228e+00	-1.947682e+01
7.660938e+00	-1.945307e+01
7.613648e+00	-1.942932e+01
7.566358e+00	-1.952432e+01
7.519069e+00	-1.959558e+01
7.471779e+00	-1.954808e+01
7.424489e+00	-1.954808e+01
7.377200e+00	-1.952432e+01
7.329910e+00	-1.942932e+01
7.282621e+00	-1.950057e+01
7.235331e+00	-1.950057e+01
7.188041e+00	-1.950057e+01
7.140752e+00	-1.945307e+01
7.093462e+00	-1.950057e+01
7.046172e+00	-1.959558e+01
6.998883e+00	-1.957183e+01
6.951593e+00	-1.959558e+01
6.904304e+00	-1.952432e+01
6.857014e+00	-1.945307e+01
6.809724e+00	-1.947682e+01
6.762435e+00	-1.947682e+01
6.715145e+00	-1.945307e+01
6.667855e+00	-1.935806e+01
6.620566e+00	-1.945307e+01
6.573276e+00	-1.952432e+01
6.525986e+00	-1.957183e+01
6.478697e+00	-1.950057e+01
6.431407e+00	-1.942932e+01
6.384118e+00	-1.940556e+01
6.336828e+00	-1.938181e+01
6.289538e+00	-1.942932e+01
6.242249e+00	-1.945307e+01
6.194959e+00	-1.940556e+01
6.147669e+00	-1.945307e+01
6.100380e+00	-1.947682e+01
6.053090e+00	-1.954808e+01
6.005801e+00	-1.945307e+01
5.958511e+00	-1.947682e+01
5.911221e+00	-1.947682e+01
5.863932e+00	-1.950057e+01
5.816642e+00	-1.947682e+01
5.769352e+00	-1.954808e+01
5.722063e+00	-1.940556e+01
5.674773e+00	-1.940556e+01
5.627483e+00	-1.947682e+01
5.580194e+00	-1.952432e+01
5.532904e+00	-1.952432e+01
5.485615e+00	-1.947682e+01
5.438325e+00	-1.947682e+01
5.391035e+00	-1.945307e+01
5.343746e+00	-1.940556e+01
5.296456e+00	-1.940556e+01
5.249166e+00	-1.940556e+01
5.201877e+00	-1.938181e+01
5.154587e+00	-1.938181e+01
5.107298e+00	-1.942932e+01
5.060008e+00	-1.942932e+01
5.012718e+00	-1.950057e+01
4.965429e+00	-1.950057e+01
4.918139e+00	-1.947682e+01
4.870849e+00	-1.945307e+01
4.823560e+00	-1.942932e+01
4.776270e+00	-1.945307e+01
4.728980e+00	-1.945307e+01
4.681691e+00	-1.945307e+01
4.634401e+00	-1.950057e+01
4.587112e+00	-1.954808e+01
4.539822e+00	-1.947682e+01
4.492532e+00	-1.957183e+01
4.445243e+00	-1.947682e+01
4.397953e+00	-1.938181e+01
4.350663e+00	-1.945307e+01
4.303374e+00	-1.938181e+01
4.256084e+00	-1.938181e+01
4.208795e+00	-1.938181e+01
4.161505e+00	-1.945307e+01
4.114215e+00	-1.945307e+01
4.066926e+00	-1.945307e+01
4.019636e+00	-1.945307e+01
3.972346e+00	-1.952432e+01
3.925057e+00	-1.945307e+01
3.877767e+00	-1.942932e+01
3.830477e+00	-1.940556e+01
3.783188e+00	-1.938181e+01
3.735898e+00	-1.938181e+01
3.688608e+00	-1.938181e+01
3.641318e+00	-1.942932e+01
3.594028e+00	-1.942932e+01
3.546738e+00	-1.945307e+01
3.499448e+00	-1.938181e+01
3.452159e+00	-1.940556e+01
3.404869e+00	-1.938181e+01
3.357579e+00	-1.935806e+01
3.310289e+00	-1.942932e+01
3.262999e+00	-1.938181e+01
3.215709e+00	-1.935806e+01
3.168419e+00	-1.942932e+01
3.121130e+00	-1.945307e+01
3.073840e+00	-1.938181e+01
3.026550e+00	-1.942932e+01
2.979260e+00	-1.950057e+01
2.931970e+00	-1.940556e+01
2.884680e+00	-1.945307e+01
2.837390e+00	-1.940556e+01
2.790101e+00	-1.938181e+01
2.742811e+00	-1.935806e+01
2.695521e+00	-1.942932e+01
2.648231e+00	-1.940556e+01
2.600941e+00	-1.945307e+01
2.553651e+00	-1.947682e+01
2.506361e+00	-1.947682e+01
2.459072e+00	-1.945307e+01
2.411782e+00	-1.935806e+01
2.364492e+00	-1.935806e+01
2.317202e+00	-1.938181e+01
2.269912e+00	-1.933431e+01
2.222622e+00	-1.928680e+01
2.175332e+00	-1.933431e+01
2.128043e+00	-1.938181e+01
2.080753e+00	-1.935806e+01
2.033463e+00	-1.923930e+01
1.986173e+00	-1.921554e+01
1.938883e+00	-1.926305e+01
1.891593e+00	-1.926305e+01
1.844303e+00	-1.933431e+01
1.797014e+00	-1.938181e+01
1.749724e+00	-1.926305e+01
1.702434e+00	-1.935806e+01
1.655144e+00	-1.940556e+01
1.607854e+00	-1.942932e+01
1.560564e+00	-1.942932e+01
1.513274e+00	-1.945307e+01
1.465984e+00	-1.938181e+01
1.418695e+00	-1.938181e+01
1.371405e+00	-1.938181e+01
1.324115e+00	-1.940556e+01
1.276825e+00	-1.931055e+01
1.229535e+00	-1.928680e+01
1.182245e+00	-1.945307e+01
1.134955e+00	-1.945307e+01
1.087666e+00	-1.938181e+01
1.040376e+00	-1.940556e+01
9.930859e-01	-1.935806e+01
9.457961e-01	-1.935806e+01
8.985063e-01	-1.931055e+01
8.512165e-01	-1.938181e+01
8.039267e-01	-1.928680e+01
7.566369e-01	-1.933431e+01
7.093471e-01	-1.938181e+01
6.620573e-01	-1.947682e+01
6.147675e-01	-1.938181e+01
5.674777e-01	-1.947682e+01
5.201879e-01	-1.950057e+01
4.728981e-01	-1.945307e+01
4.256082e-01	-1.947682e+01
3.783184e-01	-1.940556e+01
3.310286e-01	-1.938181e+01
2.837387e-01	-1.940556e+01
2.364489e-01	-1.942932e+01
1.891591e-01	-1.945307e+01
1.418693e-01	-1.947682e+01
9.457946e-02	-1.947682e+01
4.728964e-02	-1.952432e+01
-1.776357e-07	-1.942932e+01
