    nm         	nN
3.635155e+01	1.501053e+01
3.723817e+01	1.498283e+01
3.812480e+01	1.503822e+01
3.901142e+01	1.495514e+01
3.989804e+01	1.506592e+01
4.078466e+01	1.503822e+01
4.167129e+01	1.512131e+01
4.255791e+01	1.520439e+01
4.344453e+01	1.520439e+01
4.433115e+01	1.531517e+01
4.521777e+01	1.517670e+01
4.610440e+01	1.517670e+01
4.699102e+01	1.517670e+01
4.787764e+01	1.517670e+01
4.876426e+01	1.520439e+01
4.965089e+01	1.523209e+01
5.053751e+01	1.520439e+01
5.142413e+01	1.512131e+01
5.231075e+01	1.512131e+01
5.319738e+01	1.514900e+01
5.408400e+01	1.512131e+01
5.497062e+01	1.523209e+01
5.585724e+01	1.503822e+01
5.674386e+01	1.514900e+01
5.763049e+01	1.503822e+01
5.851711e+01	1.509361e+01
5.940373e+01	1.514900e+01
6.029035e+01	1.514900e+01
6.117698e+01	1.523209e+01
6.206360e+01	1.512131e+01
6.295022e+01	1.514900e+01
6.383684e+01	1.514900e+01
6.472347e+01	1.512131e+01
6.561009e+01	1.509361e+01
6.649671e+01	1.498283e+01
6.738333e+01	1.506592e+01
6.826996e+01	1.501053e+01
6.915658e+01	1.509361e+01
7.004320e+01	1.517670e+01
7.092982e+01	1.520439e+01
7.181644e+01	1.525978e+01
7.270307e+01	1.514900e+01
7.358969e+01	1.525978e+01
7.447631e+01	1.523209e+01
7.536293e+01	1.517670e+01
7.624956e+01	1.523209e+01
7.713618e+01	1.525978e+01
7.802280e+01	1.534287e+01
7.890942e+01	1.520439e+01
7.979605e+01	1.523209e+01
8.068267e+01	1.523209e+01
8.156929e+01	1.520439e+01
8.245591e+01	1.528748e+01
8.334253e+01	1.525978e+01
8.422916e+01	1.531517e+01
8.511578e+01	1.520439e+01
8.600240e+01	1.525978e+01
8.688902e+01	1.531517e+01
8.777565e+01	1.525978e+01
8.866227e+01	1.537056e+01
8.954889e+01	1.528748e+01
9.043551e+01	1.534287e+01
9.132214e+01	1.531517e+01
9.220876e+01	1.528748e+01
9.309538e+01	1.537056e+01
9.398200e+01	1.531517e+01
9.486862e+01	1.537056e+01
9.575525e+01	1.517670e+01
9.664187e+01	1.523209e+01
9.752849e+01	1.523209e+01
9.841511e+01	1.517670e+01
9.930174e+01	1.520439e+01
1.001884e+02	1.512131e+01
1.010750e+02	1.523209e+01
1.019616e+02	1.512131e+01
1.028482e+02	1.528748e+01
1.037348e+02	1.525978e+01
1.046215e+02	1.523209e+01
1.055081e+02	1.531517e+01
1.063947e+02	1.517670e+01
1.072813e+02	1.534287e+01
1.081680e+02	1.523209e+01
1.090546e+02	1.525978e+01
1.099412e+02	1.528748e+01
1.108278e+02	1.520439e+01
1.117144e+02	1.523209e+01
1.126011e+02	1.517670e+01
1.134877e+02	1.531517e+01
1.143743e+02	1.525978e+01
1.152609e+02	1.525978e+01
1.161476e+02	1.523209e+01
1.170342e+02	1.514900e+01
1.179208e+02	1.523209e+01
1.188074e+02	1.517670e+01
1.196941e+02	1.512131e+01
1.205807e+02	1.514900e+01
1.214673e+02	1.509361e+01
1.223539e+02	1.523209e+01
1.232406e+02	1.520439e+01
1.241272e+02	1.525978e+01
1.250138e+02	1.509361e+01
1.259005e+02	1.498283e+01
1.267871e+02	1.512131e+01
1.276737e+02	1.517670e+01
1.285603e+02	1.514900e+01
1.294470e+02	1.512131e+01
1.303336e+02	1.514900e+01
1.312202e+02	1.523209e+01
1.321069e+02	1.520439e+01
1.329935e+02	1.534287e+01
1.338801e+02	1.514900e+01
1.347668e+02	1.520439e+01
1.356534e+02	1.512131e+01
1.365400e+02	1.517670e+01
1.374266e+02	1.528748e+01
1.383133e+02	1.512131e+01
1.391999e+02	1.520439e+01
1.400865e+02	1.512131e+01
1.409732e+02	1.517670e+01
1.418598e+02	1.525978e+01
1.427464e+02	1.528748e+01
1.436330e+02	1.531517e+01
1.445197e+02	1.523209e+01
1.454063e+02	1.531517e+01
1.462929e+02	1.520439e+01
1.471796e+02	1.520439e+01
1.480662e+02	1.525978e+01
1.489528e+02	1.514900e+01
1.498395e+02	1.520439e+01
1.507261e+02	1.498283e+01
1.516127e+02	1.520439e+01
1.524993e+02	1.517670e+01
1.533860e+02	1.512131e+01
1.542726e+02	1.517670e+01
1.551592e+02	1.509361e+01
1.560459e+02	1.517670e+01
1.569325e+02	1.506592e+01
1.578191e+02	1.517670e+01
1.587057e+02	1.517670e+01
1.595924e+02	1.514900e+01
1.604790e+02	1.525978e+01
1.613656e+02	1.514900e+01
1.622523e+02	1.523209e+01
1.631389e+02	1.523209e+01
1.640255e+02	1.523209e+01
1.649122e+02	1.523209e+01
1.657988e+02	1.512131e+01
1.666854e+02	1.523209e+01
1.675720e+02	1.520439e+01
1.684587e+02	1.517670e+01
1.693453e+02	1.517670e+01
1.702319e+02	1.523209e+01
1.711186e+02	1.525978e+01
1.720052e+02	1.517670e+01
1.728918e+02	1.520439e+01
1.737784e+02	1.514900e+01
1.746651e+02	1.514900e+01
1.755517e+02	1.517670e+01
1.764383e+02	1.512131e+01
1.773250e+02	1.517670e+01
1.782116e+02	1.509361e+01
1.790982e+02	1.520439e+01
1.799849e+02	1.512131e+01
1.808715e+02	1.512131e+01
1.817581e+02	1.512131e+01
1.826447e+02	1.512131e+01
1.835314e+02	1.520439e+01
1.844180e+02	1.503822e+01
1.853046e+02	1.514900e+01
1.861913e+02	1.520439e+01
1.870779e+02	1.520439e+01
1.879645e+02	1.531517e+01
1.888511e+02	1.525978e+01
1.897378e+02	1.531517e+01
1.906244e+02	1.531517e+01
1.915110e+02	1.523209e+01
1.923977e+02	1.523209e+01
1.932843e+02	1.523209e+01
1.941709e+02	1.528748e+01
1.950576e+02	1.517670e+01
1.959442e+02	1.517670e+01
1.968308e+02	1.514900e+01
1.977174e+02	1.520439e+01
1.986041e+02	1.525978e+01
1.994907e+02	1.509361e+01
2.003773e+02	1.517670e+01
2.012640e+02	1.509361e+01
2.021506e+02	1.506592e+01
2.030372e+02	1.506592e+01
2.039238e+02	1.506592e+01
2.048105e+02	1.517670e+01
2.056971e+02	1.509361e+01
2.065837e+02	1.517670e+01
2.074704e+02	1.514900e+01
2.083570e+02	1.520439e+01
2.092436e+02	1.523209e+01
2.101303e+02	1.514900e+01
2.110169e+02	1.520439e+01
2.119035e+02	1.514900e+01
2.127901e+02	1.528748e+01
2.136768e+02	1.520439e+01
2.145634e+02	1.514900e+01
2.154500e+02	1.525978e+01
2.163367e+02	1.517670e+01
2.172233e+02	1.525978e+01
2.181099e+02	1.523209e+01
2.189965e+02	1.520439e+01
2.198832e+02	1.523209e+01
2.207698e+02	1.517670e+01
2.216564e+02	1.520439e+01
2.225431e+02	1.512131e+01
2.234297e+02	1.512131e+01
2.243163e+02	1.509361e+01
2.252030e+02	1.514900e+01
2.260896e+02	1.523209e+01
2.269762e+02	1.512131e+01
2.278628e+02	1.523209e+01
2.287495e+02	1.517670e+01
2.296361e+02	1.517670e+01
2.305227e+02	1.520439e+01
2.314094e+02	1.517670e+01
2.322960e+02	1.523209e+01
2.331826e+02	1.520439e+01
2.340692e+02	1.528748e+01
2.349559e+02	1.520439e+01
2.358425e+02	1.523209e+01
2.367291e+02	1.528748e+01
2.376158e+02	1.523209e+01
2.385024e+02	1.525978e+01
2.393890e+02	1.514900e+01
2.402756e+02	1.525978e+01
2.411622e+02	1.514900e+01
2.420489e+02	1.523209e+01
2.429355e+02	1.525978e+01
2.438221e+02	1.523209e+01
2.447087e+02	1.531517e+01
2.455953e+02	1.534287e+01
2.464819e+02	1.531517e+01
2.473685e+02	1.534287e+01
2.482552e+02	1.525978e+01
2.491418e+02	1.531517e+01
2.500284e+02	1.517670e+01
2.509150e+02	1.514900e+01
2.518016e+02	1.509361e+01
2.526882e+02	1.509361e+01
2.535749e+02	1.506592e+01
2.544615e+02	1.509361e+01
2.553481e+02	1.512131e+01
2.562347e+02	1.512131e+01
2.571213e+02	1.520439e+01
2.580079e+02	1.520439e+01
2.588945e+02	1.523209e+01
2.597812e+02	1.531517e+01
2.606678e+02	1.520439e+01
2.615544e+02	1.528748e+01
2.624410e+02	1.523209e+01
2.633276e+02	1.525978e+01
2.642142e+02	1.525978e+01
2.651009e+02	1.523209e+01
2.659875e+02	1.534287e+01
2.668741e+02	1.523209e+01
2.677607e+02	1.534287e+01
2.686473e+02	1.534287e+01
2.695339e+02	1.525978e+01
2.704205e+02	1.523209e+01
2.713072e+02	1.520439e+01
2.721938e+02	1.525978e+01
2.730804e+02	1.520439e+01
2.739670e+02	1.525978e+01
2.748536e+02	1.534287e+01
2.757402e+02	1.514900e+01
2.766268e+02	1.528748e+01
2.775135e+02	1.520439e+01
2.784001e+02	1.523209e+01
2.792867e+02	1.525978e+01
2.801733e+02	1.523209e+01
2.810599e+02	1.520439e+01
2.819465e+02	1.523209e+01
2.828332e+02	1.531517e+01
2.837198e+02	1.528748e+01
2.846064e+02	1.537056e+01
2.854930e+02	1.531517e+01
2.863796e+02	1.525978e+01
2.872662e+02	1.531517e+01
2.881528e+02	1.531517e+01
2.890395e+02	1.542595e+01
2.899261e+02	1.528748e+01
2.908127e+02	1.528748e+01
2.916993e+02	1.531517e+01
2.925859e+02	1.525978e+01
2.934725e+02	1.523209e+01
2.943592e+02	1.520439e+01
2.952458e+02	1.531517e+01
2.961324e+02	1.523209e+01
2.970190e+02	1.528748e+01
2.979056e+02	1.534287e+01
2.987922e+02	1.528748e+01
2.996788e+02	1.537056e+01
3.005655e+02	1.523209e+01
3.014521e+02	1.528748e+01
3.023387e+02	1.534287e+01
3.032253e+02	1.534287e+01
3.041119e+02	1.539826e+01
3.049985e+02	1.537056e+01
3.058852e+02	1.542595e+01
3.067718e+02	1.537056e+01
3.076584e+02	1.534287e+01
3.085450e+02	1.542595e+01
3.094316e+02	1.539826e+01
3.103182e+02	1.537056e+01
3.112048e+02	1.534287e+01
3.120915e+02	1.545365e+01
3.129781e+02	1.539826e+01
3.138647e+02	1.539826e+01
3.147513e+02	1.545365e+01
3.156379e+02	1.531517e+01
3.165245e+02	1.539826e+01
3.174111e+02	1.534287e+01
3.182978e+02	1.528748e+01
3.191844e+02	1.534287e+01
3.200710e+02	1.528748e+01
3.209576e+02	1.537056e+01
3.218442e+02	1.531517e+01
3.227308e+02	1.537056e+01
3.236175e+02	1.531517e+01
3.245041e+02	1.528748e+01
3.253907e+02	1.531517e+01
3.262773e+02	1.528748e+01
3.271639e+02	1.534287e+01
3.280505e+02	1.528748e+01
3.289371e+02	1.528748e+01
3.298238e+02	1.531517e+01
3.307104e+02	1.531517e+01
3.315970e+02	1.531517e+01
3.324836e+02	1.523209e+01
3.333702e+02	1.534287e+01
3.342568e+02	1.531517e+01
3.351435e+02	1.537056e+01
3.360301e+02	1.542595e+01
3.369167e+02	1.542595e+01
3.378033e+02	1.550903e+01
3.386899e+02	1.539826e+01
3.395765e+02	1.548134e+01
3.404631e+02	1.545365e+01
3.413498e+02	1.545365e+01
3.422364e+02	1.553673e+01
3.431230e+02	1.550903e+01
3.440096e+02	1.556442e+01
3.448962e+02	1.548134e+01
3.457828e+02	1.550903e+01
3.466695e+02	1.553673e+01
3.475561e+02	1.550903e+01
3.484427e+02	1.561981e+01
3.493293e+02	1.550903e+01
3.502159e+02	1.550903e+01
3.511025e+02	1.550903e+01
3.519891e+02	1.553673e+01
3.528758e+02	1.556442e+01
3.537624e+02	1.548134e+01
3.546490e+02	1.550903e+01
3.555356e+02	1.542595e+01
3.564222e+02	1.550903e+01
3.573088e+02	1.545365e+01
3.581955e+02	1.539826e+01
3.590821e+02	1.548134e+01
3.599687e+02	1.539826e+01
3.608553e+02	1.553673e+01
3.617419e+02	1.539826e+01
3.626285e+02	1.545365e+01
3.635151e+02	1.550903e+01
3.644018e+02	1.548134e+01
3.652884e+02	1.545365e+01
3.661750e+02	1.542595e+01
3.670616e+02	1.548134e+01
3.679482e+02	1.542595e+01
3.688348e+02	1.542595e+01
3.697214e+02	1.545365e+01
3.706081e+02	1.539826e+01
3.714947e+02	1.542595e+01
3.723813e+02	1.537056e+01
3.732679e+02	1.545365e+01
3.741545e+02	1.542595e+01
3.750411e+02	1.550903e+01
3.759278e+02	1.553673e+01
3.768144e+02	1.548134e+01
3.777010e+02	1.559212e+01
3.785876e+02	1.548134e+01
3.794742e+02	1.548134e+01
3.803608e+02	1.548134e+01
3.812474e+02	1.545365e+01
3.821341e+02	1.556442e+01
3.830207e+02	1.550903e+01
3.839073e+02	1.561981e+01
3.847939e+02	1.559212e+01
3.856805e+02	1.556442e+01
3.865671e+02	1.559212e+01
3.874538e+02	1.559212e+01
3.883404e+02	1.564751e+01
3.892270e+02	1.548134e+01
3.901136e+02	1.559212e+01
3.910002e+02	1.561981e+01
3.918868e+02	1.564751e+01
3.927734e+02	1.561981e+01
3.936601e+02	1.559212e+01
3.945467e+02	1.564751e+01
3.954333e+02	1.556442e+01
3.963199e+02	1.561981e+01
3.972065e+02	1.559212e+01
3.980931e+02	1.553673e+01
3.989798e+02	1.556442e+01
3.998664e+02	1.539826e+01
4.007530e+02	1.550903e+01
4.016396e+02	1.542595e+01
4.025262e+02	1.539826e+01
4.034128e+02	1.548134e+01
4.042994e+02	1.545365e+01
4.051861e+02	1.550903e+01
4.060727e+02	1.542595e+01
4.069593e+02	1.553673e+01
4.078459e+02	1.550903e+01
4.087325e+02	1.553673e+01
4.096191e+02	1.556442e+01
4.105057e+02	1.545365e+01
4.113924e+02	1.561981e+01
4.122790e+02	1.553673e+01
4.131656e+02	1.559212e+01
4.140522e+02	1.567520e+01
4.149388e+02	1.567520e+01
4.158254e+02	1.570290e+01
4.167121e+02	1.559212e+01
4.175987e+02	1.564751e+01
4.184853e+02	1.559212e+01
4.193719e+02	1.561981e+01
4.202585e+02	1.570290e+01
4.211451e+02	1.559212e+01
4.220317e+02	1.567520e+01
4.229184e+02	1.559212e+01
4.238050e+02	1.564751e+01
4.246916e+02	1.567520e+01
4.255782e+02	1.559212e+01
4.264648e+02	1.564751e+01
4.273514e+02	1.556442e+01
4.282381e+02	1.561981e+01
4.291247e+02	1.556442e+01
4.300113e+02	1.559212e+01
4.308979e+02	1.561981e+01
4.317845e+02	1.561981e+01
4.326711e+02	1.564751e+01
4.335577e+02	1.559212e+01
4.344444e+02	1.561981e+01
4.353310e+02	1.564751e+01
4.362176e+02	1.550903e+01
4.371042e+02	1.559212e+01
4.379908e+02	1.556442e+01
4.388774e+02	1.567520e+01
4.397641e+02	1.564751e+01
4.406507e+02	1.561981e+01
4.415373e+02	1.564751e+01
4.424239e+02	1.556442e+01
4.433105e+02	1.556442e+01
4.441971e+02	1.542595e+01
4.450837e+02	1.545365e+01
4.459704e+02	1.534287e+01
4.468570e+02	1.525978e+01
4.477436e+02	1.512131e+01
4.486302e+02	6.092835e-01
4.495168e+02	-4.237160e+00
4.504034e+02	1.329346e+00
4.512900e+02	7.034455e+00
4.521767e+02	1.273956e+01
4.530633e+02	1.861084e+01
