    nm         	nN
7.812499e+00	-1.842356e+02
8.593749e+00	-1.842356e+02
9.374999e+00	-1.842356e+02
1.015625e+01	-1.842356e+02
1.093750e+01	-1.842356e+02
1.171875e+01	-1.842356e+02
1.250000e+01	-1.842356e+02
1.328125e+01	-1.842356e+02
1.406250e+01	-1.842356e+02
1.484375e+01	-1.842356e+02
1.562500e+01	-1.842356e+02
1.640625e+01	-1.842356e+02
1.718750e+01	-1.842356e+02
1.796875e+01	-1.842356e+02
1.875000e+01	-1.842356e+02
1.953125e+01	-1.842356e+02
2.031250e+01	-1.842356e+02
2.109375e+01	-1.842356e+02
2.187500e+01	-1.842356e+02
2.265625e+01	-1.842356e+02
2.343750e+01	-1.842356e+02
2.421875e+01	-1.803157e+02
2.500000e+01	-1.803157e+02
2.578125e+01	-1.803157e+02
2.656251e+01	-1.763958e+02
2.734376e+01	-1.803157e+02
2.812501e+01	-1.803157e+02
2.890626e+01	-1.803157e+02
2.968751e+01	-1.803157e+02
3.046876e+01	-1.763958e+02
3.125001e+01	-1.803157e+02
3.203126e+01	-1.803157e+02
3.281250e+01	-1.763958e+02
3.359375e+01	-1.763958e+02
3.437500e+01	-1.724759e+02
3.515625e+01	-1.724759e+02
3.593750e+01	-1.763958e+02
3.671875e+01	-1.763958e+02
3.750000e+01	-1.763958e+02
3.828125e+01	-1.763958e+02
3.906250e+01	-1.763958e+02
3.984374e+01	-1.724759e+02
4.062499e+01	-1.724759e+02
4.140624e+01	-1.724759e+02
4.218749e+01	-1.724759e+02
4.296874e+01	-1.685560e+02
4.374999e+01	-1.724759e+02
4.453124e+01	-1.724759e+02
4.531249e+01	-1.724759e+02
4.609374e+01	-1.724759e+02
4.687498e+01	-1.724759e+02
4.765623e+01	-1.685560e+02
4.843748e+01	-1.685560e+02
4.921873e+01	-1.685560e+02
4.999998e+01	-1.685560e+02
5.078123e+01	-1.724759e+02
5.156248e+01	-1.685560e+02
5.234373e+01	-1.724759e+02
5.312497e+01	-1.685560e+02
5.390622e+01	-1.724759e+02
5.468747e+01	-1.685560e+02
5.546872e+01	-1.685560e+02
5.624997e+01	-1.685560e+02
5.703122e+01	-1.685560e+02
5.781247e+01	-1.646361e+02
5.859372e+01	-1.646361e+02
5.937497e+01	-1.646361e+02
6.015622e+01	-1.646361e+02
6.093747e+01	-1.646361e+02
6.171872e+01	-1.646361e+02
6.249996e+01	-1.646361e+02
6.328121e+01	-1.646361e+02
6.406246e+01	-1.607162e+02
6.484371e+01	-1.567962e+02
6.562496e+01	-1.607162e+02
6.640621e+01	-1.567962e+02
6.718746e+01	-1.567962e+02
6.796871e+01	-1.567962e+02
6.874996e+01	-1.607162e+02
6.953120e+01	-1.607162e+02
7.031245e+01	-1.607162e+02
7.109370e+01	-1.607162e+02
7.187495e+01	-1.567962e+02
7.265620e+01	-1.567962e+02
7.343745e+01	-1.567962e+02
7.421870e+01	-1.567962e+02
7.499995e+01	-1.567962e+02
7.578119e+01	-1.528763e+02
7.656244e+01	-1.567962e+02
7.734369e+01	-1.567962e+02
7.812494e+01	-1.567962e+02
7.890619e+01	-1.567962e+02
7.968744e+01	-1.528763e+02
8.046869e+01	-1.528763e+02
8.124994e+01	-1.489564e+02
8.203119e+01	-1.528763e+02
8.281243e+01	-1.489564e+02
8.359368e+01	-1.489564e+02
8.437493e+01	-1.489564e+02
8.515618e+01	-1.489564e+02
8.593743e+01	-1.489564e+02
8.671868e+01	-1.489564e+02
8.749993e+01	-1.489564e+02
8.828118e+01	-1.489564e+02
8.906242e+01	-1.450365e+02
8.984367e+01	-1.489564e+02
9.062492e+01	-1.489564e+02
9.140617e+01	-1.450365e+02
9.218742e+01	-1.489564e+02
9.296867e+01	-1.489564e+02
9.374992e+01	-1.528763e+02
9.453117e+01	-1.489564e+02
9.531242e+01	-1.489564e+02
9.609366e+01	-1.450365e+02
9.687491e+01	-1.450365e+02
9.765616e+01	-1.450365e+02
9.843741e+01	-1.450365e+02
9.921866e+01	-1.411166e+02
9.999991e+01	-1.411166e+02
1.007812e+02	-1.411166e+02
1.015624e+02	-1.411166e+02
1.023437e+02	-1.411166e+02
1.031249e+02	-1.411166e+02
1.039062e+02	-1.411166e+02
1.046874e+02	-1.411166e+02
1.054687e+02	-1.371967e+02
1.062499e+02	-1.371967e+02
1.070311e+02	-1.371967e+02
1.078124e+02	-1.371967e+02
1.085936e+02	-1.371967e+02
1.093749e+02	-1.371967e+02
1.101561e+02	-1.371967e+02
1.109374e+02	-1.411166e+02
1.117186e+02	-1.411166e+02
1.124999e+02	-1.371967e+02
1.132811e+02	-1.332768e+02
1.140624e+02	-1.371967e+02
1.148436e+02	-1.371967e+02
1.156249e+02	-1.332768e+02
1.164061e+02	-1.332768e+02
1.171874e+02	-1.371967e+02
1.179686e+02	-1.371967e+02
1.187499e+02	-1.332768e+02
1.195311e+02	-1.371967e+02
1.203124e+02	-1.332768e+02
1.210936e+02	-1.332768e+02
1.218749e+02	-1.293569e+02
1.226562e+02	-1.293569e+02
1.234374e+02	-1.254370e+02
1.242187e+02	-1.293569e+02
1.249999e+02	-1.254370e+02
1.257812e+02	-1.293569e+02
1.265624e+02	-1.293569e+02
1.273437e+02	-1.293569e+02
1.281250e+02	-1.293569e+02
1.289062e+02	-1.293569e+02
1.296875e+02	-1.254370e+02
1.304687e+02	-1.254370e+02
1.312500e+02	-1.215171e+02
1.320312e+02	-1.215171e+02
1.328125e+02	-1.215171e+02
1.335937e+02	-1.215171e+02
1.343750e+02	-1.215171e+02
1.351563e+02	-1.215171e+02
1.359375e+02	-1.215171e+02
1.367188e+02	-1.215171e+02
1.375000e+02	-1.175972e+02
1.382813e+02	-1.175972e+02
1.390625e+02	-1.175972e+02
1.398438e+02	-1.175972e+02
1.406250e+02	-1.175972e+02
1.414063e+02	-1.175972e+02
1.421876e+02	-1.175972e+02
1.429688e+02	-1.175972e+02
1.437501e+02	-1.175972e+02
1.445313e+02	-1.215171e+02
1.453126e+02	-1.175972e+02
1.460938e+02	-1.136773e+02
1.468751e+02	-1.175972e+02
1.476564e+02	-1.175972e+02
1.484376e+02	-1.136773e+02
1.492189e+02	-1.136773e+02
1.500001e+02	-1.136773e+02
1.507814e+02	-1.136773e+02
1.515626e+02	-1.136773e+02
1.523439e+02	-1.136773e+02
1.531251e+02	-1.097574e+02
1.539064e+02	-1.097574e+02
1.546877e+02	-1.136773e+02
1.554689e+02	-1.097574e+02
1.562502e+02	-1.097574e+02
1.570314e+02	-1.097574e+02
1.578127e+02	-1.136773e+02
1.585939e+02	-1.136773e+02
1.593752e+02	-1.097574e+02
1.601564e+02	-1.097574e+02
1.609377e+02	-1.097574e+02
1.617190e+02	-1.058375e+02
1.625002e+02	-1.058375e+02
1.632815e+02	-1.058375e+02
1.640627e+02	-1.019176e+02
1.648440e+02	-1.019176e+02
1.656252e+02	-1.019176e+02
1.664065e+02	-1.058375e+02
1.671877e+02	-1.019176e+02
1.679690e+02	-1.058375e+02
1.687503e+02	-1.058375e+02
1.695315e+02	-1.058375e+02
1.703128e+02	-1.019176e+02
1.710940e+02	-1.019176e+02
1.718753e+02	-1.019176e+02
1.726565e+02	-9.799766e+01
1.734378e+02	-9.799766e+01
1.742191e+02	-9.799766e+01
1.750003e+02	-1.019176e+02
1.757816e+02	-9.799766e+01
1.765628e+02	-9.799766e+01
1.773441e+02	-9.799766e+01
1.781253e+02	-9.407775e+01
1.789066e+02	-9.407775e+01
1.796878e+02	-9.407775e+01
1.804691e+02	-9.407775e+01
1.812504e+02	-9.015784e+01
1.820316e+02	-9.015784e+01
1.828129e+02	-9.015784e+01
1.835941e+02	-9.015784e+01
1.843754e+02	-9.407775e+01
1.851566e+02	-9.407775e+01
1.859379e+02	-9.015784e+01
1.867191e+02	-9.015784e+01
1.875004e+02	-9.015784e+01
1.882817e+02	-9.015784e+01
1.890629e+02	-8.623793e+01
1.898442e+02	-9.015784e+01
1.906254e+02	-8.623793e+01
1.914067e+02	-9.015784e+01
1.921879e+02	-9.015784e+01
1.929692e+02	-9.015784e+01
1.937505e+02	-8.623793e+01
1.945317e+02	-8.623793e+01
1.953130e+02	-8.623793e+01
1.960942e+02	-8.623793e+01
1.968755e+02	-8.623793e+01
1.976567e+02	-8.231803e+01
1.984380e+02	-8.231803e+01
1.992192e+02	-8.623793e+01
