    um         	uN
1.562500e-02	3.700504e+00
2.343750e-02	3.716184e+00
3.125000e-02	3.712265e+00
3.906250e-02	3.716184e+00
4.687500e-02	3.708344e+00
5.468750e-02	3.704424e+00
6.250000e-02	3.708344e+00
7.031250e-02	3.704424e+00
7.812501e-02	3.708344e+00
8.593751e-02	3.704424e+00
9.375001e-02	3.696584e+00
1.015625e-01	3.700504e+00
1.093750e-01	3.704424e+00
1.171875e-01	3.692664e+00
1.250000e-01	3.696584e+00
1.328125e-01	3.700504e+00
1.406250e-01	3.692664e+00
1.484375e-01	3.700504e+00
1.562500e-01	3.704424e+00
1.640625e-01	3.708344e+00
1.718750e-01	3.696584e+00
1.796875e-01	3.708344e+00
1.875000e-01	3.712265e+00
1.953125e-01	3.716184e+00
2.031250e-01	3.720104e+00
2.109375e-01	3.727945e+00
2.187500e-01	3.727945e+00
2.265625e-01	3.735785e+00
2.343751e-01	3.739705e+00
2.421876e-01	3.747545e+00
2.500001e-01	3.747545e+00
2.578126e-01	3.751465e+00
2.656251e-01	3.755385e+00
2.734376e-01	3.763225e+00
2.812501e-01	3.767145e+00
2.890626e-01	3.782825e+00
2.968751e-01	3.790665e+00
3.046876e-01	3.794585e+00
3.125001e-01	3.802425e+00
3.203126e-01	3.810265e+00
3.281251e-01	3.818105e+00
3.359376e-01	3.825945e+00
3.437501e-01	3.822025e+00
3.515626e-01	3.845545e+00
3.593751e-01	3.849465e+00
3.671876e-01	3.861225e+00
3.750001e-01	3.869065e+00
3.828126e-01	3.880826e+00
3.906251e-01	3.888666e+00
3.984376e-01	3.900426e+00
4.062501e-01	3.908266e+00
4.140626e-01	3.916106e+00
4.218751e-01	3.927866e+00
4.296876e-01	3.943546e+00
4.375001e-01	3.951386e+00
4.453126e-01	3.959226e+00
4.531251e-01	3.974906e+00
4.609376e-01	3.986666e+00
4.687501e-01	4.002346e+00
4.765626e-01	4.021946e+00
4.843751e-01	4.025866e+00
4.921876e-01	4.037627e+00
5.000001e-01	4.053306e+00
5.078126e-01	4.068987e+00
5.156251e-01	4.080747e+00
5.234376e-01	4.100347e+00
5.312501e-01	4.112107e+00
5.390626e-01	4.119947e+00
5.468751e-01	4.131708e+00
5.546876e-01	4.143467e+00
5.625001e-01	4.166987e+00
5.703126e-01	4.182667e+00
5.781251e-01	4.190507e+00
5.859376e-01	4.206187e+00
5.937501e-01	4.217948e+00
6.015626e-01	4.225788e+00
6.093751e-01	4.237548e+00
6.171877e-01	4.261068e+00
6.250002e-01	4.264988e+00
6.328127e-01	4.292428e+00
6.406252e-01	4.300268e+00
6.484377e-01	4.323789e+00
6.562502e-01	4.339468e+00
6.640627e-01	4.351229e+00
6.718752e-01	4.366908e+00
6.796877e-01	4.386509e+00
6.875002e-01	4.398269e+00
6.953127e-01	4.417869e+00
7.031252e-01	4.437469e+00
7.109377e-01	4.445310e+00
7.187502e-01	4.464910e+00
7.265627e-01	4.476670e+00
7.343752e-01	4.492349e+00
7.421877e-01	4.504110e+00
7.500002e-01	4.519789e+00
7.578127e-01	4.535470e+00
7.656252e-01	4.551150e+00
7.734377e-01	4.562910e+00
7.812502e-01	4.586430e+00
7.890627e-01	4.598190e+00
7.968752e-01	4.609950e+00
8.046877e-01	4.625630e+00
8.125002e-01	4.641311e+00
8.203127e-01	4.660911e+00
8.281252e-01	4.668751e+00
8.359377e-01	4.692271e+00
8.437502e-01	4.704031e+00
8.515627e-01	4.719711e+00
8.593752e-01	4.731471e+00
8.671877e-01	4.751071e+00
8.750002e-01	4.762831e+00
8.828127e-01	4.782431e+00
8.906252e-01	4.802032e+00
8.984377e-01	4.813792e+00
9.062502e-01	4.829472e+00
9.140628e-01	4.845152e+00
9.218753e-01	4.852992e+00
9.296878e-01	4.872592e+00
9.375003e-01	4.884352e+00
9.453128e-01	4.907872e+00
9.531253e-01	4.923552e+00
9.609378e-01	4.939232e+00
9.687502e-01	4.962752e+00
9.765627e-01	4.974513e+00
9.843751e-01	4.994113e+00
9.921876e-01	5.009793e+00
1.000000e+00	5.033313e+00
1.007812e+00	5.060753e+00
1.015625e+00	5.064673e+00
1.023437e+00	5.092113e+00
1.031250e+00	5.107794e+00
1.039062e+00	5.127394e+00
1.046875e+00	5.143074e+00
1.054687e+00	5.170514e+00
1.062500e+00	5.190114e+00
1.070312e+00	5.209714e+00
1.078124e+00	5.229314e+00
1.085937e+00	5.260675e+00
1.093749e+00	5.280275e+00
1.101562e+00	5.295955e+00
1.109374e+00	5.319475e+00
1.117187e+00	5.327315e+00
1.124999e+00	5.346915e+00
1.132812e+00	5.362595e+00
1.140624e+00	5.393956e+00
1.148436e+00	5.405715e+00
1.156249e+00	5.421396e+00
1.164061e+00	5.444916e+00
1.171874e+00	5.456676e+00
1.179686e+00	5.476276e+00
1.187499e+00	5.499796e+00
1.195311e+00	5.519396e+00
1.203124e+00	5.542917e+00
1.210936e+00	5.562517e+00
1.218748e+00	5.574277e+00
1.226561e+00	5.597797e+00
1.234373e+00	5.609557e+00
1.242186e+00	5.629157e+00
1.249998e+00	5.656597e+00
1.257811e+00	5.664437e+00
1.265623e+00	5.684037e+00
1.273436e+00	5.703638e+00
1.281248e+00	5.715397e+00
1.289060e+00	5.738918e+00
1.296873e+00	5.754598e+00
1.304685e+00	5.778118e+00
1.312498e+00	5.793798e+00
1.320310e+00	5.805558e+00
1.328123e+00	5.836918e+00
1.335935e+00	5.856519e+00
1.343748e+00	5.876119e+00
1.351560e+00	5.899639e+00
1.359373e+00	5.923159e+00
1.367185e+00	5.942759e+00
1.374997e+00	5.962359e+00
1.382810e+00	6.017240e+00
1.390622e+00	6.044680e+00
1.398435e+00	6.060360e+00
1.406247e+00	6.083880e+00
1.414060e+00	6.099560e+00
1.421872e+00	6.115240e+00
1.429685e+00	6.138760e+00
1.437497e+00	6.154440e+00
1.445309e+00	6.170121e+00
1.453122e+00	6.197561e+00
1.460934e+00	6.213241e+00
1.468747e+00	6.236761e+00
1.476559e+00	6.252441e+00
1.484372e+00	6.279881e+00
1.492184e+00	6.303401e+00
1.499997e+00	6.319081e+00
1.507809e+00	6.338681e+00
1.515621e+00	6.373962e+00
1.523434e+00	6.393562e+00
1.531246e+00	6.413162e+00
1.539059e+00	6.432762e+00
1.546871e+00	6.452363e+00
1.554684e+00	6.471962e+00
1.562496e+00	6.495482e+00
1.570309e+00	6.522923e+00
1.578121e+00	6.538603e+00
1.585933e+00	6.566043e+00
1.593746e+00	6.585643e+00
1.601558e+00	6.605243e+00
1.609371e+00	6.628764e+00
1.617183e+00	6.648364e+00
1.624996e+00	6.675804e+00
1.632808e+00	6.695404e+00
1.640621e+00	6.718924e+00
1.648433e+00	6.742444e+00
1.656245e+00	6.765965e+00
1.664058e+00	6.777725e+00
1.671870e+00	6.809085e+00
1.679683e+00	6.832605e+00
1.687495e+00	6.860045e+00
1.695308e+00	6.883565e+00
1.703120e+00	6.907085e+00
1.710933e+00	6.930606e+00
1.718745e+00	6.950206e+00
1.726557e+00	6.985486e+00
1.734370e+00	7.012926e+00
1.742182e+00	7.040366e+00
1.749995e+00	7.059966e+00
1.757807e+00	7.087407e+00
1.765620e+00	7.107007e+00
1.773432e+00	7.130527e+00
1.781245e+00	7.150127e+00
1.789057e+00	7.169727e+00
1.796869e+00	7.197167e+00
1.804682e+00	7.220687e+00
1.812494e+00	7.244208e+00
1.820307e+00	7.279488e+00
1.828119e+00	7.299088e+00
1.835932e+00	7.322608e+00
1.843744e+00	7.353968e+00
1.851557e+00	7.377488e+00
1.859369e+00	7.404929e+00
1.867181e+00	7.428449e+00
1.874994e+00	7.459809e+00
1.882806e+00	7.479409e+00
1.890619e+00	7.514690e+00
1.898431e+00	7.546049e+00
1.906244e+00	7.561729e+00
1.914056e+00	7.600930e+00
1.921869e+00	7.624450e+00
1.929681e+00	7.651890e+00
1.937494e+00	7.679330e+00
1.945306e+00	7.698931e+00
1.953119e+00	7.726371e+00
1.960932e+00	7.757732e+00
1.968744e+00	7.781251e+00
1.976557e+00	7.812611e+00
1.984369e+00	7.836132e+00
1.992182e+00	7.867492e+00
